#    2.002  -0.269   1.114 ;Mean Elev.(m), Avg Gradient(m/km), RMS Gradient(m/km) - SRTM1     
#   12.948   0.304   1.189 ;Mean Elev.(m), Avg Gradient(m/km), RMS Gradient(m/km) - ASTER GDEM
#    2.467  -0.276   1.092 ;Mean Elev.(m), Avg Gradient(m/km), RMS Gradient(m/km) - GMTED2010 
   1  36.229146 -18.717205     2.129     2.129  2 54659.22685286 32.101
   2  36.228243 -18.713375     2.438     2.438  2 54669.14249947 44.510
   4  36.228883 -18.714441     1.136     1.136  2 54688.97378547 28.724
   5  36.231014 -18.718310   -48.337   -47.545  3 54698.88942530 26.301
   6  36.231865 -18.719583     0.858     0.858  2 54708.80506832 39.696
   7  36.229498 -18.716436   -40.315   -40.176  3 54718.72072009  7.747
   8  36.226791 -18.711725     2.720     2.720  2 54728.63636983 32.087
   9  36.225764 -18.705070     2.272     2.171  3 54738.55201896 36.462
  12  36.225552 -18.703312     2.462     2.431  3 54768.29896021 33.452
  13  36.225734 -18.705441     0.411     0.437  3 54778.21460175 33.565
  14  36.225578 -18.707187     2.159     2.023  3 54788.13024071 46.436
  15  36.226005 -18.707914     2.393     2.393  2 54798.04587862 43.972
  16  36.227105 -18.711636     1.615     1.615  2 54807.96151577 32.609
  17  36.229298 -18.716168     2.320     2.320  2 54817.87715232 35.336
  18  36.229299 -18.714602     2.288     2.288  2 54827.79280303 36.597
  20  36.225563 -18.705279     2.376     2.275  3 54847.62409334 30.666
  23  36.224909 -18.699803     1.869     1.869  2 54877.37104185 34.948
  26  36.223366 -18.698336     1.085     1.085  2 54907.11796846 45.955
  27  36.223700 -18.698083     1.713     1.713  2 54917.03360596 37.148
  29  36.226267 -18.707359     1.598     1.598  2 54936.86487812 47.166
  30  36.227627 -18.714438     1.616     1.616  2 54946.78051159 46.796
  31  36.230063 -18.717542     1.860     2.161  3 54956.69614416 37.862
  32  36.228498 -18.714643     1.508     1.508  2 54966.61179303 38.595
  33  36.227347 -18.711565     1.205     1.205  2 54976.52744124 41.473
  34  36.226821 -18.710138   -64.923   -64.923  2 54986.44308924  3.263
  37  36.226779 -18.709659     1.051     1.051  2 55016.19002704 43.505
  38  36.226253 -18.708388     0.419     0.419  2 55026.10566938 34.661
  39  36.226153 -18.708214     0.539     0.638  3 55036.02131087 44.733
  40  36.226710 -18.711835     0.878     0.878  2 55045.93695084 33.534
  41  36.229416 -18.714404     1.577     1.577  2 55055.85258942 36.259
  42  36.230602 -18.717966     2.485     2.373  3 55065.76822550 49.737
  43  36.228404 -18.715113     1.319     1.319  2 55075.68387448 36.527
  44  36.226613 -18.708224     2.453     2.453  2 55085.59952370 27.644
  45  36.225036 -18.704779     2.419     2.343  3 55095.51517094 33.340
  46  36.225059 -18.703318     0.820     0.820  2 55105.43081778 32.946
  47  36.225064 -18.704597     2.367     2.405  3 55115.34646381 29.535
  48  36.225698 -18.704844     2.304     2.276  3 55125.26210768 48.040
  49  36.225928 -18.705490     1.966     2.107  3 55135.17774865 37.369
  50  36.225941 -18.706530     0.361     0.361  2 55145.09338716 39.390
  51  36.226281 -18.708372     0.637     0.637  2 55155.00902460 45.039
  52  36.226840 -18.711886     1.885     1.885  2 55164.92466196 38.694
  53  36.228450 -18.715449     1.974     1.974  2 55174.84029918 30.603
  54  36.230447 -18.716253     2.630     2.630  2 55184.75593922 36.133
  55  36.228520 -18.713293     0.950     0.950  2 55194.67159102 31.348
  56  36.226333 -18.708865     2.596     2.596  2 55204.58724200 30.468
  57  36.225253 -18.705361     2.273     2.215  3 55214.50289239 33.061
  58  36.225283 -18.702571     0.438     0.461  3 55224.41854223 32.761
  59  36.224812 -18.702610     1.778     1.778  2 55234.33418966 33.061
  63  36.224897 -18.699494     0.819     0.819  2 55273.99675088 50.957
  64  36.225133 -18.706913     0.561     0.464  3 55283.91238619 42.943
  65  36.227398 -18.711506     2.514     2.514  2 55293.82802079 29.744
  66  36.228453 -18.714716     2.702     2.702  2 55303.74365698 36.832
  68  36.226788 -18.708890     2.157     2.157  2 55323.57495054 30.234
  69  36.226540 -18.708543     2.569     2.569  2 55333.49059484 30.550
  70  36.226768 -18.708495     1.192     1.192  2 55343.40623895 47.087
  71  36.226697 -18.709896     2.027     2.027  2 55353.32188229 34.006
  74  36.228132 -18.713703     0.936     0.936  2 55383.06880002 41.388
  75  36.229264 -18.715905     0.868     0.868  2 55392.98443657 49.202
  76  36.231284 -18.719222    -0.050    -0.050  2 55402.90007139 45.807
  77  36.230207 -18.716282     1.374     1.374  2 55412.81572334 34.980
  78  36.228436 -18.713372     3.178     3.178  2 55422.73137260 50.212
  79  36.226710 -18.710389     2.640     2.640  2 55432.64701944 37.967
  80  36.225952 -18.706008     1.702     2.117  3 55442.56266509 30.472
  81  36.225146 -18.706163     2.538     2.481  3 55452.47830859 33.910
  82  36.226129 -18.707068     2.533     2.594  3 55462.39395135 33.554
  83  36.226649 -18.710655     2.414     2.414  2 55472.30959174 31.906
  84  36.227476 -18.712181     2.719     2.719  2 55482.22522963 37.045
  85  36.227575 -18.713902     2.873     2.873  2 55492.14086502 37.756
  86  36.228809 -18.715730     1.707     1.707  2 55502.05649856 46.943
  87  36.228773 -18.715007     0.207     0.210  3 55511.97214358 33.691
  88  36.228550 -18.713040     0.357     0.357  2 55521.88779344 44.539
  89  36.227170 -18.713513     0.471     0.471  2 55531.80344143 31.533
  90  36.226642 -18.710913     2.778     2.778  2 55541.71908870 40.082
  91  36.225906 -18.709155     2.865     2.865  2 55551.63473391 38.764
  92  36.225779 -18.706858     1.658     1.544  3 55561.55037808 34.550
  93  36.226045 -18.708123     0.461     0.461  2 55571.46602092 40.751
  95  36.227158 -18.712193     2.697     2.697  2 55591.29730083 37.243
  96  36.227948 -18.713499     2.669     2.669  2 55601.21293591 39.447
  97  36.228371 -18.715632     3.496     3.496  2 55611.12856832 47.278
  98  36.230155 -18.717059     2.411     2.345  3 55621.04420000 48.880
  99  36.228695 -18.713963     0.483     0.483  2 55630.95985287 49.295
 100  36.228224 -18.713182     1.115     1.115  2 55640.87550331 49.407
 103  36.226453 -18.708160     2.791     2.791  2 55670.62243710 40.545
 104  36.225903 -18.709940     2.453     2.453  2 55680.53807617 31.795
 105  36.227721 -18.712959     2.730     2.730  2 55690.45371347 35.261
 106  36.229821 -18.717356     0.836     0.836  2 55700.36934882 48.079
 107  36.231170 -18.718355     0.455     0.455  2 55710.28498844 48.589
 108  36.228967 -18.715675     1.492     1.492  2 55720.20063872 31.514
 112  36.227464 -18.712638     1.530     1.530  2 55759.86321990 45.495
 113  36.227961 -18.713850     0.047     0.047  2 55769.77885934 30.957
 114  36.228661 -18.713032     1.587     1.587  2 55779.69449610 42.017
 115  36.228941 -18.714617     2.658     2.658  2 55789.61013006 35.481
 116  36.230196 -18.717597     2.275     2.288  3 55799.52576297 31.928
 117  36.229889 -18.716549     2.765     2.765  2 55809.44141051 35.325
 118  36.229793 -18.716120     2.623     2.623  2 55819.35705997 32.616
 119  36.230031 -18.716505     0.152     0.152  2 55829.27270484 31.613
 120  36.229644 -18.716720     1.644     1.528  3 55839.18834511 40.374
 121  36.229584 -18.714968     2.188     2.188  2 55849.10398255 52.925
 122  36.229799 -18.717537     2.370     2.370  2 55859.01961687 35.287
 123  36.229101 -18.717226     2.018     2.018  2 55868.93526520 33.013
 124  36.229390 -18.715973     1.976     1.976  2 55878.85091680 39.356
 125  36.229458 -18.716562     1.167     1.167  2 55888.76656144 35.416
 126  36.229757 -18.716288     0.917     0.917  2 55898.68220075 30.644
 127  36.230603 -18.717308     2.388     2.388  2 55908.59783512 31.624
 128  36.228020 -18.715695     1.871     1.871  2 55918.51348494 30.253
 130  36.226728 -18.710479     1.885     1.885  2 55938.34478963 46.517
 131  36.225830 -18.709869     2.697     2.697  2 55948.26043474 32.739
 132  36.225615 -18.707661     1.212     1.212  2 55958.17607548 40.048
 133  36.226009 -18.706441     2.126     2.040  3 55968.09171331 36.874
 134  36.226410 -18.710274     1.728     1.728  2 55978.00734893 46.330
 135  36.228677 -18.714418     2.598     2.598  2 55987.92298393 37.123
 136  36.230226 -18.717875     2.094     2.094  2 55997.83862287 49.221
 137  36.229021 -18.715566     2.751     2.862  3 56007.75427410 38.224
 138  36.227756 -18.711730     1.782     1.782  2 56017.66992161 36.805
 139  36.226342 -18.708068     2.477     2.477  2 56027.58556636 32.427
 140  36.225756 -18.706942     2.441     2.440  3 56037.50120923 33.889
 141  36.226295 -18.711205     2.242     2.242  2 56047.41684913 30.667
 142  36.228150 -18.715640     2.038     2.038  2 56057.33248622 45.080
 143  36.231184 -18.719508     1.317     1.317  2 56067.24811910 47.505
 144  36.229600 -18.716352     0.505     0.234  3 56077.16376840 48.533
 145  36.227587 -18.712146     1.362     1.362  2 56087.07941744 39.875
 146  36.226382 -18.711412     1.456     1.456  2 56096.99506322 40.447
 148  36.228238 -18.712729     2.177     2.177  2 56116.82633597 43.689
 149  36.229148 -18.715496     1.658     1.658  2 56126.74197271 34.416
 150  36.230145 -18.716801     1.035     0.492  3 56136.65760615 39.193
 151  36.228810 -18.715342     2.720     2.720  2 56146.57325052 33.855
 153  36.227544 -18.711627     2.272     2.272  2 56166.40454983 30.763
 156  36.228106 -18.714116     1.795     1.795  2 56196.15147498 31.692
 157  36.228608 -18.714964     1.693     1.693  2 56206.06710923 34.806
 158  36.230525 -18.716572     0.849     0.849  2 56215.98274176 41.125
 159  36.231786 -18.719330     1.567     1.275  3 56225.89838093 46.864
 160  36.230894 -18.717594     1.980     1.870  3 56235.81403631 47.237
 161  36.229424 -18.716325     2.707     2.707  2 56245.72968783 33.929
 163  36.227752 -18.711754     2.393     2.393  2 56265.56097811 28.442
 164  36.227058 -18.712674     2.574     2.574  2 56275.47661926 29.519
 165  36.226979 -18.711551     1.200     1.200  2 56285.39226601 35.748
 166  36.226354 -18.709431     2.256     2.256  2 56295.30791755 39.178
 167  36.225450 -18.707338     2.755     2.766  3 56305.22356476 41.888
 168  36.225537 -18.703755     1.764     1.737  3 56315.13920850 47.119
 169  36.225060 -18.704889     0.742     0.643  3 56325.05484901 48.843
 170  36.225790 -18.708129     0.612     0.696  3 56334.97048817 49.071
 172  36.228985 -18.715788     2.690     2.690  2 56354.80176215 36.154
 173  36.228116 -18.714992     3.204     3.204  2 56364.71740701 43.910
 174  36.226602 -18.710518     1.700     1.700  2 56374.63305667 29.597
 176  36.225455 -18.706718     2.631     2.657  3 56394.46434764 30.535
 177  36.226419 -18.708706     0.846     0.846  2 56404.37998946 44.239
 178  36.227492 -18.712929     2.729     2.729  2 56414.29562776 32.813
 179  36.229489 -18.717521     3.416     3.416  2 56424.21126094 44.289
 180  36.229494 -18.714503     1.496     1.496  2 56434.12690689 48.040
 182  36.225813 -18.707600     2.416     2.416  2 56453.95820853 33.128
 183  36.225696 -18.706770     0.717     0.717  2 56463.87385492 43.724
 184  36.225747 -18.707980     2.428     2.217  3 56473.78949750 44.771
 185  36.225989 -18.710061     2.803     2.803  2 56483.70513670 39.763
 187  36.227907 -18.715146     2.737     2.737  2 56503.53640702 34.782
 188  36.231269 -18.718906    -0.101    -0.101  2 56513.45203974 37.296
 189  36.231049 -18.718120     0.002     0.005  3 56523.36768985 29.431
 190  36.229221 -18.716093     2.751     2.751  2 56533.28334234 33.633
 192  36.226441 -18.710132     2.928     2.928  2 56553.11463632 42.245
 193  36.226233 -18.709988     1.385     1.385  2 56563.03027881 40.147
 195  36.228555 -18.715597     0.768     0.768  2 56582.86155819 44.783
 196  36.231630 -18.718556     1.341     1.332  3 56592.77719261 36.261
 197  36.229745 -18.715552     2.841     2.841  2 56602.69284460 36.210
 198  36.227559 -18.712481     2.603     2.603  2 56612.60849464 36.454
 200  36.226650 -18.712118     2.719     2.719  2 56632.43978293 33.142
 201  36.228669 -18.712947     0.052     0.052  2 56642.35542129 38.631
 202  36.226980 -18.712195     1.264     1.264  2 56652.27107168 30.686
 203  36.226110 -18.706874     2.614     2.614  2 56662.18672279 36.545
 204  36.225057 -18.704364     2.707     2.621  3 56672.10237006 37.667
 205  36.225327 -18.703670     0.665     0.665  2 56682.01801513 45.002
 206  36.225694 -18.707953     1.261     1.329  3 56691.93365704 47.020
 207  36.227243 -18.712934     0.638     0.638  2 56701.84929501 48.190
 208  36.229652 -18.714744     2.634     2.634  2 56711.76492878 32.684
 209  36.227497 -18.713470   -55.611   -55.611  2 56721.68057411  8.870
 210  36.225801 -18.706195     2.767     2.712  3 56731.59622713 36.646
 211  36.224870 -18.704647     1.354     1.338  3 56741.51187551 31.099
 212  36.225701 -18.706482     1.128     0.986  3 56751.42751909 44.936
 214  36.229833 -18.716980     1.498     1.498  2 56771.25878777 35.631
 216  36.225053 -18.704790     2.733     2.641  3 56791.09009875 38.623
 218  36.224634 -18.699791     0.757     0.757  2 56810.92139473 51.519
 219  36.225548 -18.703423     0.626     0.522  3 56820.83703347 49.771
 220  36.225870 -18.709736   -60.487   -60.487  2 56830.75266764  4.619
 221  36.227397 -18.713754     2.811     2.811  2 56840.66829929 41.498
 222  36.228921 -18.714961     2.470     2.470  2 56850.58393482 36.911
 225  36.226289 -18.708948     1.470     1.470  2 56880.33089552 45.513
 226  36.225730 -18.706690     0.348     0.348  2 56890.24654345 35.381
 228  36.224531 -18.699217     2.652     2.652  2 56910.07783146 51.336
 229  36.225421 -18.700691     1.906     1.906  2 56919.99347160 38.329
 230  36.226387 -18.709212     0.811     0.811  2 56929.90910823 41.130
 231  36.229083 -18.716216     2.907     2.907  2 56939.82474070 35.287
 232  36.230984 -18.718509     0.548     0.548  2 56949.74037752 35.892
 233  36.228020 -18.714465     2.633     2.633  2 56959.65603051 30.630
 234  36.226064 -18.710560     2.709     2.709  2 56969.57167872 32.588
 235  36.226613 -18.708403     2.340     2.340  2 56979.48732313 32.443
 236  36.227077 -18.713290     2.627     2.627  2 56989.40296174 33.500
 237  36.230209 -18.717384     1.528     1.208  3 56999.31859440 43.003
 238  36.228695 -18.713995     0.775     0.775  2 57009.23424780 43.022
 239  36.226517 -18.709531     0.873     0.873  2 57019.14990142 36.274
 240  36.225663 -18.705113     2.052     2.213  3 57029.06555176 35.071
 241  36.225251 -18.704898     2.816     2.816  2 57038.98119938 47.346
 242  36.225696 -18.707599     2.416     2.416  2 57048.89684406 46.480
 244  36.228201 -18.714733     2.547     2.547  2 57068.72811990 31.986
 245  36.229287 -18.716287     2.817     2.817  2 57078.64375138 33.475
 246  36.230114 -18.716302     2.673     2.673  2 57088.55938718 35.833
 248  36.226372 -18.709834     1.846     1.846  2 57108.39070267 33.130
 250  36.226243 -18.711118     0.928     0.928  2 57128.22199702 40.699
 253  36.229066 -18.716597     2.072     2.072  2 57157.96890037 43.505
 254  36.229716 -18.716051     2.135     2.135  2 57167.88454708 41.447
 255  36.228276 -18.713096     2.210     2.210  2 57177.80020317 42.988
 257  36.226187 -18.707237     0.593     0.593  2 57197.63150357 31.851
 258  36.225872 -18.705605     1.329     1.396  3 57207.54713828 37.803
 259  36.225574 -18.707583     0.970     1.067  3 57217.46278273 29.949
 260  36.226417 -18.710002     1.386     1.386  2 57227.37842617 30.802
 262  36.228904 -18.713554     1.545     1.545  2 57247.20970555 46.141
 263  36.229202 -18.716074     0.652     0.652  2 57257.12534041 46.829
 264  36.230055 -18.718391     1.496     1.496  2 57267.04097403 35.992
 265  36.230483 -18.717119     1.803     2.227  3 57276.95662009 30.702
 266  36.229048 -18.716448     1.841     1.841  2 57286.87227637 42.597
 267  36.228703 -18.713024     2.696     2.696  2 57296.78793051 36.323
 268  36.226875 -18.712823     2.396     2.396  2 57306.70358044 33.008
 269  36.225687 -18.708811     2.496     2.496  2 57316.61922773 27.136
 270  36.225285 -18.704380     2.374     2.374  2 57326.53487219 29.015
 271  36.225604 -18.704707     2.299     2.326  3 57336.45051383 30.358
 272  36.225667 -18.704522     1.976     1.911  3 57346.36616176 33.749
 273  36.225168 -18.705203     2.434     2.416  3 57356.28180940 36.452
 274  36.225257 -18.705448     2.020     1.929  3 57366.19745344 48.699
 275  36.226022 -18.705219     0.869     0.817  3 57376.11309406 48.731
 276  36.226676 -18.708527     0.266     0.266  2 57386.02873181 40.364
 277  36.227931 -18.713355     0.696     0.696  2 57395.94436857 42.024
 278  36.230247 -18.717385     2.310     2.310  2 57405.86000457 41.731
 279  36.229428 -18.716803     2.751     2.751  2 57415.77565403 35.848
 280  36.227955 -18.713204     2.626     2.626  2 57425.69130591 33.480
 282  36.225475 -18.707108     0.645     0.110  3 57445.52260254 34.282
 283  36.225632 -18.707168     0.948     0.357  3 57455.43824881 39.497
 284  36.226270 -18.709834     1.875     1.875  2 57465.35389242 43.677
 285  36.227829 -18.712828     2.592     2.592  2 57475.26953214 37.072
 286  36.228723 -18.715263     3.019     3.019  2 57485.18516819 40.078
 287  36.229450 -18.716919     1.339     1.339  2 57495.10080134 44.113
 288  36.231386 -18.719164     0.355     0.354  3 57505.01643294 47.479
 289  36.229298 -18.714607     0.601     0.601  2 57514.93208946 47.065
 292  36.225878 -18.709511     2.617     2.617  2 57544.67904333 39.699
 293  36.225741 -18.707083     1.639     1.639  2 57554.59469023 29.983
 294  36.225825 -18.707572     0.123     0.123  2 57564.51033528 35.867
 295  36.226292 -18.708936     0.523     0.523  2 57574.42597968 39.091
 296  36.226298 -18.711093     1.246     1.246  2 57584.34162336 41.871
 297  36.226692 -18.711697     2.543     2.543  2 57594.25726534 36.557
