-142344.567   444.943     0.00   14.47
-142055.009   464.513    67.58   48.13
-141765.443   494.905   104.95   85.37
-141475.870   538.414   150.24  114.25
-141186.289   582.698   152.91  116.72
-140896.700   618.576   123.88  105.39
-140607.104   655.922   128.95   95.49
-140317.500   689.801   116.97   83.10
-140027.889   720.600   106.34   84.48
-139738.270   741.946    73.70   84.62
-139448.643   753.359    39.40   91.49
-139159.008   762.663    32.12   97.70
-138869.366   740.849   -75.31  123.07
-138579.717   718.376   -77.58  137.35
-138290.059   695.995   -77.26  150.71
-138000.394   672.731   -80.31  156.15
-137710.722   621.743  -176.01  153.23
-137421.041   583.859  -130.77  143.60
-137131.353   539.649  -152.60  122.17
-136841.657   495.076  -153.85   93.14
-136551.954   464.668  -104.96   66.70
-136262.243   443.846   -71.87   46.70
-135972.524   425.992   -61.62   19.97
-135682.798   419.161   -23.57    6.48
-135393.064   416.011   -10.87    4.85
-135103.322   414.249    -6.08    5.16
-134813.573   411.584    -9.20    5.42
-134523.816   408.813    -9.56    6.45
-134234.051   405.726   -10.65    7.36
-133944.279   402.576   -10.87    7.67
-133654.499   398.856   -12.84    7.91
-133364.711   396.979    -6.48    6.71
-133074.916   395.926    -3.63    6.30
-132785.113   396.076     0.52    7.06
-132495.302   396.336     0.90    7.00
-132205.483   397.633     4.48    6.44
-131915.657   398.471     2.89    5.67
-131625.823   400.011     5.31    3.72
-131337.176   400.833     2.85    3.89
-131048.981   402.128     4.49    4.36
-130760.778   403.676     5.37    5.29
-130472.567   405.767     7.25    5.49
-130184.349   407.381     5.60    5.42
-129896.124   409.223     6.39    5.03
-129607.890   410.614     4.83    4.96
-129319.649   411.843     4.26    4.66
-129031.401   413.094     4.34    4.22
-128743.144   413.797     2.44    4.08
-128454.881   415.220     4.94    4.36
-128166.609   417.106     6.54    5.23
-127878.330   419.518     8.37    5.75
-127590.044   421.276     6.10    5.58
-127301.749   422.376     3.82    5.03
-127013.447   423.026     2.25    5.04
-126725.138   422.229    -2.76    5.32
-126436.821   420.805    -4.94    5.80
-126148.496   419.354    -5.03    5.48
-125860.164   420.093     2.56    6.30
-125571.824   421.060     3.35    6.95
-125283.476   423.826     9.59    7.30
-124995.121   426.381     8.86    7.49
-124706.758   428.344     6.81    6.85
-124418.387   428.978     2.20    5.45
-124130.009   428.663    -1.09    5.62
-123841.623   427.226    -4.98    5.93
-123553.230   425.698    -5.30    6.06
-123264.829   423.996    -5.90    6.14
-122976.420   422.026    -6.83    5.31
-122688.004   420.868    -4.02    5.02
-122399.580   420.359    -1.76    4.64
-122111.148   420.974     2.13    4.18
-121822.709   421.959     3.42    4.42
-121534.262   424.156     7.61    5.47
-121245.807   426.440     7.92    6.22
-120957.345   429.443    10.41    6.53
-120668.875   434.009    15.83   10.66
-120380.397   439.476    18.95   14.75
-120091.912   444.176    16.29   15.60
-119803.419   449.280    17.69   15.90
-119514.919   451.963     9.30   14.93
-119226.411   453.223     4.37   14.24
-118937.895   450.743    -8.60   12.29
-118649.371   448.008    -9.48   11.31
-118360.840   445.109   -10.05   10.08
-118072.301   441.511   -12.47    7.13
-117783.754   440.043    -5.09    7.31
-117495.200   439.430    -2.12    7.16
-117206.638   440.146     2.48    7.12
-116918.069   440.926     2.70    7.26
-116629.491   441.508     2.02    7.04
-116340.906   442.694     4.11    8.73
-116052.314   444.403     5.92    9.43
-115763.713   445.884     5.13   10.88
-115475.105   447.476     5.52   11.38
-115186.490   449.612     7.40   11.23
-114897.866   450.305     2.40   10.79
-114609.235   452.462     7.47    9.88
-114320.596   452.122    -1.18    8.21
-114031.950   451.893    -0.79    6.39
-113743.296   450.693    -4.16    5.96
-113454.634   449.959    -2.54    6.41
-113165.964   448.493    -5.08    6.78
-112877.287   446.483    -6.96    6.67
-112588.602   445.519    -3.34    6.31
-112299.909   444.403    -3.86    6.05
-112011.209   442.843    -5.41    5.68
-111722.501   441.094    -6.06    5.40
-111433.785   439.959    -3.93    5.73
-111145.061   437.281    -9.28    6.93
-110856.330   434.916    -8.19    7.14
-110567.591   431.672   -11.23    7.58
-110278.844   428.319   -11.61    7.58
-109990.090   425.293   -10.48    7.81
-109701.328   422.166   -10.83    6.97
-109412.558   419.757    -8.34    6.41
-109123.781   417.485    -7.87    6.20
-108834.995   416.365    -3.88    6.46
-108546.202   414.293    -7.18    6.69
-108257.402   411.681    -9.04    6.70
-107968.593   409.881    -6.23    7.07
-107679.777   407.736    -7.43    6.46
-107390.953   405.995    -6.03    6.41
-107102.121   403.158    -9.82    6.24
-106813.282   400.559    -8.99    6.50
-106524.435   397.859    -9.35    6.64
-106235.580   395.223    -9.13    7.29
-105946.717   391.619   -12.48    7.31
-105657.847   388.138   -12.05    7.08
-105368.969   384.748   -11.74    6.41
-105080.083   380.907   -13.29    6.11
-104791.189   378.526    -8.24    6.01
-104502.288   375.252   -11.33    5.98
-104213.379   372.519    -9.46    5.73
-103924.462   369.801    -9.41    5.29
-103635.537   367.333    -8.54    5.18
-103346.605   364.559    -9.60    4.79
-103057.665   362.509    -7.09    4.37
-102768.717   360.284    -7.70    4.07
-102479.761   358.773    -5.23    4.08
-102190.798   357.559    -4.20    3.86
-101901.827   357.527    -0.11    5.02
-101612.848   358.009     1.67    5.80
-101323.861   358.738     2.52    7.08
-101034.866   360.817     7.19    7.57
-100745.864   362.170     4.68    7.68
-100456.854   362.963     2.75    7.29
-100167.836   362.682    -0.97    8.18
 -99878.811   361.809    -3.02    8.69
 -99589.777   360.076    -6.00    9.61
 -99300.736   358.239    -6.35   10.01
 -99011.687   356.776    -5.06    9.41
 -98722.630   354.360    -8.36   10.19
 -98433.566   351.813    -8.81   10.12
 -98144.494   348.093   -12.87    9.86
 -97855.413   346.143    -6.75    9.59
 -97566.326   342.801   -11.56    9.08
 -97277.230   339.868   -10.14    8.65
 -96988.126   336.785   -10.67    7.14
 -96699.015   333.994    -9.65    6.27
 -96409.896   331.125    -9.92    5.66
 -96120.769   328.993    -7.37    5.09
 -95831.635   326.767    -7.70    4.44
 -95542.492   325.220    -5.35    4.42
 -95253.342   323.907    -4.54    3.58
 -94964.184   322.785    -3.88    3.22
 -94675.018   322.109    -2.34    2.93
 -94385.844   321.433    -2.34    2.99
 -94096.663   321.623     0.66    3.15
 -93807.473   321.898     0.95    3.45
 -93518.276   322.281     1.33    3.47
 -93229.071   322.809     1.83    3.41
 -92939.858   323.059     0.86    3.59
 -92650.638   322.612    -1.55    3.80
 -92361.409   322.027    -2.02    3.85
 -92072.173   321.158    -3.01    4.12
 -91782.929   320.043    -3.85    4.00
 -91493.677   319.297    -2.58    3.75
 -91204.417   318.476    -2.84    3.83
 -90915.150   318.793     1.09    3.74
 -90625.874   318.527    -0.92    3.80
 -90336.591   318.125    -1.39    4.03
 -90047.300   317.704    -1.45    4.08
 -89758.001   317.276    -1.48    4.27
 -89468.695   316.301    -3.37    4.21
 -89179.380   315.354    -3.27    4.30
 -88890.058   314.161    -4.12    4.05
 -88600.727   313.387    -2.68    4.05
 -88311.389   312.755    -2.19    4.00
 -88022.043   312.109    -2.23    3.90
 -87732.689   311.617    -1.70    3.68
 -87443.328   310.535    -3.74    3.57
 -87153.958   310.281    -0.88    3.75
 -86864.581   309.360    -3.18    3.81
 -86575.196   308.801    -1.93    3.94
 -86285.803   307.743    -3.66    3.97
 -85996.402   307.359    -1.32    4.18
 -85706.993   306.682    -2.34    4.37
 -85417.576   306.598    -0.29    4.62
 -85128.152   306.243    -1.23    4.47
 -84838.719   306.414     0.59    4.93
 -84549.279   306.289    -0.43    5.21
 -84259.831   305.776    -1.77    5.16
 -83970.375   306.223     1.54    4.86
 -83680.911   306.297     0.25    4.92
 -83391.439   306.519     0.77    4.90
 -83101.960   306.543     0.08    5.11
 -82812.472   307.721     4.07    5.33
 -82522.977   307.859     0.48    5.66
 -82233.474   308.398     1.86    5.71
 -81943.962   308.759     1.25    5.82
 -81654.443   309.551     2.73    6.27
 -81364.916   310.670     3.87    6.02
 -81075.382   311.776     3.82    5.94
 -80785.839   313.209     4.95    5.84
 -80496.288   313.930     2.49    6.04
 -80206.730   315.204     4.40    5.91
 -79917.163   316.249     3.61    6.00
 -79627.589   317.559     4.52    6.31
 -79338.007   318.319     2.62    6.18
 -79048.417   320.109     6.18    6.36
 -78758.819   321.682     5.43    6.87
 -78469.213   323.678     6.89    6.77
 -78179.599   325.636     6.76    6.85
 -77889.978   328.093     8.48    6.98
 -77600.348   329.309     4.20    7.19
 -77310.710   330.715     4.85    7.60
 -77021.065   332.876     7.46    7.85
 -76731.412   334.535     5.73    7.94
 -76441.750   336.478     6.71    7.86
 -76152.081   337.526     3.62    7.51
 -75862.404   339.301     6.13    7.64
 -75572.719   340.043     2.56    8.01
 -75283.026   340.138     0.33    7.90
 -74993.325   339.893    -0.85    7.40
 -74703.616   340.138     0.85    8.31
 -74413.900   341.026     3.06    8.49
 -74124.175   341.576     1.90    9.13
 -73834.443   343.226     5.69    9.17
 -73544.702   343.662     1.50    8.68
 -73254.954   343.420    -0.84    8.17
 -72965.197   342.190    -4.24    8.63
 -72675.433   340.143    -7.07    8.75
 -72385.661   337.348    -9.64    8.32
 -72095.880   336.607    -2.56    7.46
 -71806.092   335.946    -2.28    6.46
 -71516.296   336.027     0.28    6.70
 -71226.492   337.293     4.37    7.05
 -70936.680   339.676     8.22    7.57
 -70646.860   341.026     4.66    7.57
 -70357.032   342.443     4.89    8.60
 -70067.196   344.649     7.61    9.35
 -69777.353   347.011     8.15    9.12
 -69487.501   348.109     3.79    8.59
 -69198.314   346.426    -5.82    8.65
 -68910.158   345.726    -2.43    8.55
 -68621.995   342.930    -9.70    9.16
 -68333.824   339.884   -10.57    9.63
 -68045.645   335.305   -15.89    9.65
 -67757.458   331.518   -13.14    9.15
 -67469.263   328.430   -10.72    8.38
 -67181.060   325.509   -10.13    8.63
 -66892.850   321.474   -14.00    9.05
 -66604.631   319.059    -8.38   10.92
 -66316.405   314.619   -15.40   10.69
 -66028.171   310.865   -13.02   11.24
 -65739.929   308.826    -7.07   10.51
 -65451.679   305.076   -13.01    9.38
 -65163.421   303.994    -3.75    8.87
 -64875.156   302.752    -4.31    8.47
 -64586.882   302.646    -0.37    9.07
 -64298.601   304.276     5.65    9.84
 -64010.312   306.043     6.13    9.51
 -63722.014   306.633     2.05   10.55
 -63433.709   307.418     2.72   10.75
 -63145.396   308.321     3.13   10.80
 -62857.076   308.154    -0.58   11.64
 -62568.747   306.759    -4.84   11.87
 -62280.410   303.143   -12.54   11.70
 -61992.066   299.726   -11.85   10.65
 -61703.713   296.381   -11.60   10.53
 -61415.353   294.090    -7.94   11.03
 -61126.985   291.440    -9.19   12.86
 -60838.609   286.272   -17.92   12.94
 -60550.225   282.526   -12.99   13.20
 -60261.833   280.309    -7.69   13.96
 -59973.433   279.500    -2.81   14.70
 -59685.025   277.285    -7.68   14.28
 -59396.609   273.687   -12.47   11.95
 -59108.186   269.682   -13.88   11.75
 -58819.754   267.141    -8.81   12.27
 -58531.315   262.609   -15.71   12.70
 -58242.868   259.977    -9.13   13.43
 -57954.412   258.471    -5.22   14.32
 -57665.949   257.471    -3.47   15.32
 -57377.478   253.699   -13.08   16.01
 -57088.999   250.409   -11.40   17.77
 -56800.512   246.226   -14.50   18.13
 -56512.017   243.360    -9.93   18.42
 -56223.514   240.309   -10.57   16.79
 -55935.004   239.932    -1.31   16.98
 -55646.485   240.226     1.02   17.41
 -55357.958   241.143     3.18   19.57
 -55069.424   245.093    13.69   19.36
 -54780.881   251.494    22.19   26.51
 -54492.331   265.075    47.06   40.25
 -54203.773   274.424    32.40   44.77
 -53915.206   285.381    37.97   47.80
 -53626.632   295.926    36.54   45.32
 -53338.050   305.059    31.65   41.79
 -53049.460   307.977    10.11   40.56
 -52760.862   304.265   -12.86   37.65
 -52472.255   298.619   -19.56   33.44
 -52183.641   293.649   -17.22   44.25
 -51895.019   294.776     3.90   47.41
 -51606.390   296.609     6.35   58.12
 -51317.752   301.469    16.84   59.85
 -51029.106   300.918    -1.91   61.90
 -50740.452   305.821    16.98   63.37
 -50451.790   309.607    13.12   63.51
 -50163.121   302.856   -23.39   71.66
 -49874.443   293.793   -31.40   73.94
 -49585.757   280.801   -45.00   75.14
 -49297.063   269.797   -38.12   76.18
 -49008.362   253.090   -57.87   74.06
 -48719.652   233.326   -68.45   67.45
 -48430.935   206.809   -91.84   56.27
 -48142.209   184.826   -76.14   52.09
 -47853.476   165.785   -65.95   46.27
 -47564.734   146.879   -65.48   41.17
 -47275.985   129.805   -59.13   34.36
 -46987.227   115.944   -48.00   23.17
 -46698.462   109.060   -23.84   17.35
 -46409.688   106.993    -7.16   15.04
 -46120.907   108.764     6.13   13.36
 -45832.117   111.965    11.08   14.36
 -45543.320   119.912    27.52   25.19
 -45254.514   130.607    37.03   29.81
 -44965.701   140.125    32.95   32.37
 -44676.880   148.626    29.43   32.37
 -44388.050   158.043    32.60   30.12
 -44099.213   167.630    33.19   26.57
 -43810.367   175.879    28.56   22.84
 -43521.514   182.666    23.50   25.69
 -43232.652   192.176    32.92   28.34
 -42943.783   198.759    22.79   27.98
 -42654.906   206.623    27.22   26.34
 -42366.020   214.285    26.52   23.54
 -42077.127   220.297    20.81   19.96
 -41788.225   224.420    14.27   14.96
 -41499.316   229.009    15.89   10.15
 -41210.398   232.193    11.02   10.19
 -40921.472   235.543    11.59   10.27
 -40632.539   239.912    15.12   10.64
 -40343.597   243.202    11.39    9.86
 -40054.648   246.543    11.56    8.09
 -39765.690   248.859     8.02    7.54
 -39476.724   251.459     9.00    7.50
 -39187.751   254.091     9.11    8.17
 -38898.769   256.741     9.17    9.22
 -38609.779   260.789    14.01   11.62
 -38320.781   266.387    19.37   13.67
 -38031.775   271.502    17.70   14.51
 -37742.761   276.409    16.98   14.05
 -37453.739   280.687    14.80   12.93
 -37164.709   285.424    16.39   12.42
 -36875.671   290.212    16.57   11.48
 -36586.625   294.535    14.95   10.03
 -36297.571   296.125     5.50   10.14
 -36008.509   296.776     2.25   10.09
 -35719.439   297.011     0.81   10.67
 -35430.360   295.349    -5.75   11.77
 -35141.274   292.075   -11.33   12.65
 -34852.180   287.289   -16.55   12.77
 -34563.077   282.393   -16.93   12.31
 -34273.967   277.776   -15.97   11.07
 -33984.848   274.821   -10.22   10.72
 -33695.721   271.387   -11.88    9.81
 -33406.587   267.412   -13.75   10.72
 -33117.444   262.992   -15.29   11.18
 -32828.293   258.826   -14.41   11.86
 -32539.134   255.534   -11.38   11.61
 -32249.967   251.297   -14.65   12.50
 -31960.792   246.868   -15.31   13.96
 -31671.609   242.962   -13.51   13.73
 -31382.418   241.912    -3.63   16.59
 -31093.218   240.905    -3.48   19.60
 -30804.011   238.376    -8.74   19.94
 -30514.796   234.748   -12.55   22.13
 -30225.572   231.916    -9.79   23.20
 -29936.340   229.483    -8.41   24.90
 -29647.101   222.126   -25.44   21.97
 -29357.853   214.709   -25.64   17.45
 -29068.597   208.600   -21.12   14.08
 -28779.333   204.309   -14.83   15.50
 -28490.061   202.265    -7.07   16.86
 -28200.780   201.453    -2.81   17.52
 -27911.492   206.476    17.36   22.54
 -27622.196   210.888    15.25   25.11
 -27332.891   217.365    22.39   24.55
 -27043.579   222.789    18.75   23.19
 -26754.258   226.914    14.26   18.39
 -26464.929   225.236    -5.80   16.84
 -26175.592   221.485   -12.96   16.37
 -25886.247   216.476   -17.31   15.58
 -25596.894   209.926   -22.64   12.31
 -25307.533   205.138   -16.55   10.24
 -25018.163   202.209   -10.12   10.30
 -24728.786   199.478    -9.44   10.19
 -24439.400   196.659    -9.74   10.70
 -24150.006   194.992    -5.76   11.66
 -23860.604   189.898   -17.60   11.83
 -23571.194   185.440   -15.40   12.42
 -23281.776   181.376   -14.04   12.20
 -22992.350   180.174    -4.15   12.48
 -22702.916   177.759    -8.34   13.09
 -22413.473   175.354    -8.31   15.12
 -22124.023   170.720   -16.01   16.74
 -21834.564   163.293   -25.66   19.44
 -21545.097   157.694   -19.34   19.90
 -21255.622   150.567   -24.62   18.66
 -20966.139   141.476   -31.40   12.03
 -20676.647   136.959   -15.60   11.84
 -20387.148   133.430   -12.19   10.51
 -20097.640   130.963    -8.52    9.43
 -19808.124   129.519    -4.99   10.98
 -19518.600   128.865    -2.26   14.74
 -19229.068   128.793    -0.25   16.32
 -18939.528   126.409    -8.23   18.04
 -18649.980   122.879   -12.19   20.20
 -18360.423   116.313   -22.68   20.24
 -18070.858   109.433   -23.76   18.48
 -17781.285   102.125   -25.24   17.46
 -17491.704    96.736   -18.61   17.30
 -17202.115    93.426   -11.43   16.23
 -16912.518    88.338   -17.57   14.32
 -16622.912    83.344   -17.24   11.50
 -16333.299    78.462   -16.86   10.83
 -16043.677    73.436   -17.35   11.01
 -15754.047    69.043   -15.17   11.49
 -15464.408    65.226   -13.18   11.46
 -15174.762    60.154   -17.51    9.66
 -14885.108    56.338   -13.17    7.15
 -14595.445    52.949   -11.70    6.04
 -14305.774    49.975   -10.27    4.79
 -14016.095    48.226    -6.04    4.56
 -13726.407    46.687    -5.31    3.96
 -13436.712    45.217    -5.07    3.89
 -13147.008    43.502    -5.92    3.94
 -12857.296    41.916    -5.47    3.78
 -12567.576    40.443    -5.08    4.01
 -12277.848    38.924    -5.24    4.19
 -11988.112    37.414    -5.21    4.80
 -11698.367    35.408    -6.92    4.79
 -11408.614    33.621    -6.17    4.85
 -11118.853    31.584    -7.03    5.81
 -10829.084    29.309    -7.85    5.77
 -10539.306    28.190    -3.86    5.94
 -10249.521    27.026    -4.02    5.36
  -9959.727    25.928    -3.79    5.48
  -9669.925    25.503    -1.47    6.11
  -9380.115    24.797    -2.44    6.23
  -9090.296    24.676    -0.42    5.94
  -8800.469    22.959    -5.92    5.83
  -8510.634    22.285    -2.33    5.69
  -8220.791    21.678    -2.09    6.10
  -7930.940    22.138     1.59    6.04
  -7641.080    21.846    -1.01    6.80
  -7351.213    22.731     3.05    7.14
  -7061.441    22.809     0.27    7.87
  -6773.320    24.585     6.16    7.42
  -6485.191    25.090     1.75    8.00
  -6197.054    24.297    -2.75    8.59
  -5908.909    21.764    -8.79   10.35
  -5620.756    19.285    -8.60   11.23
  -5332.594    17.459    -6.33   11.65
  -5044.425    13.141   -14.99   10.80
  -4756.247     9.932   -11.14    9.11
  -4468.061     7.090    -9.86    7.06
  -4179.867     5.107    -6.88    4.95
  -3891.665     3.653    -5.05    3.29
  -3603.455     2.893    -2.64    2.39
  -3315.237     2.414    -1.66    2.32
  -3027.011     1.859    -1.92    2.09
  -2738.776     2.106     0.86    2.81
  -2450.533     2.293     0.65    3.11
  -2162.283     3.126     2.89    4.59
  -1874.024     3.699     1.99    5.09
  -1585.756     5.075     4.78    6.32
  -1297.481     5.305     0.80    6.23
  -1009.198     5.694     1.35    6.75
   -720.906     5.736     0.15    6.86
   -432.606     5.636    -0.35    7.09
   -144.299     4.416    -4.23    6.26
    144.017     3.881    -1.85    5.75
    432.342     3.122    -2.63    5.04
    720.674     2.108    -3.52    4.22
   1009.014     1.236    -3.02    3.34
   1297.363     0.453    -2.72    2.75
   1585.720     0.243    -0.73    2.46
   1874.085     0.126    -0.40    2.40
   2162.458     0.543     1.44    3.08
   2450.839     1.476     3.24    4.93
   2739.229     3.430     6.77    6.92
   3027.627     5.593     7.50    8.42
   3316.033     7.263     5.79    9.21
   3604.447    10.236    10.31   10.75
   3892.869    11.455     4.23   10.78
   4181.299    13.186     6.00   10.76
   4469.738    14.141     3.31   10.63
   4758.185    16.243     7.29   11.30
   5046.639    15.699    -1.89   12.38
   5335.103    17.371     5.80   14.09
   5623.574    19.178     6.27   15.41
   5912.053    21.914     9.48   15.62
   6200.541    22.676     2.64   14.95
   6489.037    24.059     4.80   13.51
   6777.541    26.879     9.77   12.76
   7066.053    29.321     8.47   11.72
   7354.574    32.233    10.09   10.76
   7643.103    34.043     6.27   10.36
   7931.639    36.720     9.28    9.50
   8220.185    37.476     2.62    8.21
   8508.738    38.826     4.68   11.35
   8797.299    43.309    15.54   23.68
   9085.869    52.011    30.15   34.23
   9374.447    58.436    22.27   38.36
   9663.033    63.381    17.14   38.46
   9951.628    68.856    18.97   37.40
  10240.230    70.559     5.90   35.13
  10528.841    69.143    -4.91   32.21
  10817.460    67.027    -7.33   29.10
  11106.087    65.285    -6.04   25.15
  11394.723    63.349    -6.71   22.85
  11683.366    62.748    -2.08   21.07
  11972.018    67.284    15.72   21.76
  12260.678    74.453    24.83   22.13
  12549.347    83.289    30.61   20.49
  12838.023    90.614    25.38   19.22
  13126.708    97.436    23.63   15.89
  13415.401   100.043     9.03   13.68
  13704.103   100.759     2.48   13.34
  13992.812   100.584    -0.61   12.74
  14281.530    97.890    -9.33   13.49
  14570.256    95.900    -6.89   14.16
  14858.990    91.584   -14.95   13.45
  15147.733    88.309   -11.34   13.82
  15436.484    85.715    -8.98   13.05
  15725.243    83.172    -8.81   13.99
  16014.010    80.376    -9.68   12.98
  16302.785    77.769    -9.03   12.94
  16591.569    76.252    -5.25   13.94
  16880.361    75.109    -3.96   15.44
  17169.162    76.726     5.60   17.19
  17457.970    79.094     8.20   20.67
  17746.787    84.612    19.10   23.08
  18035.612    89.944    18.46   22.59
  18324.445    95.730    20.03   21.00
  18613.287   101.793    20.99   19.35
  18902.137   110.276    29.37   21.06
  19190.995   115.309    17.43   19.43
  19479.861   125.138    34.02   19.14
  19768.736   133.487    28.90   18.10
  20057.619   139.881    22.13   17.71
  20346.510   147.259    25.54   16.25
  20635.410   150.584    11.51   17.97
  20924.318   152.914     8.06   19.19
  21213.234   154.195     4.44   20.32
  21502.158   151.265   -10.14   22.74
  21791.091   148.483    -9.63   22.06
  22080.032   144.543   -13.64   20.85
  22368.981   139.946   -15.91   19.75
  22657.939   135.158   -16.57   16.68
  22946.905   128.928   -21.56   17.64
  23235.879   122.503   -22.23   19.34
  23524.861   116.204   -21.80   20.83
  23813.852   107.420   -30.40   23.17
  24102.851    99.382   -27.81   22.09
  24391.858    89.518   -34.13   21.34
  24680.874    82.027   -25.92   20.38
  24969.898    75.043   -24.16   20.90
  25258.930    65.741   -32.18   20.06
  25547.971    57.959   -26.92   23.01
  25837.020    49.559   -29.06   25.09
  26126.077    41.365   -28.35   27.70
  26415.142    29.090   -42.47   27.74
  26704.216    20.518   -29.65   22.63
  26993.298    16.821   -12.79   18.51
  27282.389    15.426    -4.82   17.24
  27571.487    24.243    30.50   29.78
  27860.594    32.930    30.05   35.93
  28149.710    41.821    30.75   34.66
  28438.834    47.293    18.93   32.40
  28727.966    52.535    18.13   30.50
  29017.106    53.259     2.51   30.07
  29306.255    48.994   -14.75   29.62
  29595.412    41.813   -24.83   21.65
  29884.577    33.670   -28.16   11.87
  30173.751    31.630    -7.05    6.88
  30462.933    32.975     4.65    6.67
  30752.124    35.976    10.38    8.96
  31041.322    39.649    12.70   12.66
  31330.530    43.944    14.85   17.75
  31619.745    46.027     7.20   16.74
  31908.969    46.709     2.36   10.86
  32198.201    48.269     5.39   10.47
  32487.442    50.776     8.67   10.04
  32776.690    52.743     6.80    9.92
  33065.948    54.321     5.46    8.39
  33355.213    56.340     6.98    8.25
  33644.487    58.443     7.27    7.92
  33933.770    61.752    11.44    7.57
  34223.060    64.243     8.61    7.13
  34512.359    66.643     8.30    7.68
  34801.667    70.125    12.04    8.45
  35090.982    73.433    11.44    8.80
  35380.307    76.748    11.46    8.84
  35669.639    81.381    16.02    8.25
  35958.980    85.359    13.75    8.67
  36248.329    89.559    14.52   11.80
  36537.687    94.614    17.47   12.63
  36827.053    98.916    14.87   11.81
  37116.427   103.535    15.96    9.85
  37405.810   105.633     7.25    8.58
  37695.201   108.176     8.79    7.78
  37984.601   108.239     0.22    7.64
  38274.009   108.898     2.27    7.66
  38563.425   109.059     0.56    6.81
  38852.850   109.574     1.78    6.47
  39142.283   110.764     4.11    6.48
  39431.724   112.993     7.70    7.40
  39721.174   114.809     6.28    7.73
  40010.632   116.833     6.99    8.49
  40300.099   119.392     8.84    9.47
  40589.574   122.090     9.32    9.67
  40879.058   125.914    13.21   11.30
  41168.550   130.693    16.51   11.99
  41458.050   135.943    18.14   12.22
  41747.559   138.125     7.54   11.76
  42037.076   139.122     3.45   10.90
  42326.601   138.738    -1.33    9.65
  42616.135   139.043     1.05    9.95
  42905.678   139.043     0.00    9.74
  43195.228   138.659    -1.32   10.07
  43484.788   140.420     6.08   10.45
  43774.355   142.376     6.76   11.47
  44063.931   145.156     9.60   12.02
  44353.516   146.797     5.67   12.20
  44643.109   149.767    10.26   12.24
  44932.710   149.420    -1.20   11.96
  45222.320   151.487     7.14   10.51
  45511.938   152.455     3.34    8.86
  45801.564   153.122     2.30    8.79
  46091.199   153.943     2.83    8.49
  46380.843   155.843     6.56    9.01
  46670.495   157.450     5.55    8.91
  46960.155   160.366    10.07    9.63
  47249.824   162.862     8.62    9.84
  47539.501   165.995    10.81    9.81
  47829.187   168.309     7.99    8.99
  48118.881   168.943     2.19    7.31
  48408.584   168.643    -1.04    6.90
  48698.295   166.027    -9.03    7.68
  48988.014   162.408   -12.49    9.59
  49277.742   157.785   -15.96   10.80
  49567.479   152.726   -17.46   10.46
  49857.224   147.109   -19.39    9.62
  50146.977   143.043   -14.04    9.28
  50436.739   138.926   -14.21    8.22
  50726.509   135.614   -11.43    7.27
  51016.288   132.500   -10.75    6.92
  51306.075   129.359   -10.84    6.46
  51595.871   127.354    -6.92    6.29
  51885.675   126.414    -3.25    6.15
  52175.487   127.485     3.70    6.75
  52465.308   129.043     5.37    8.46
  52755.138   131.076     7.01    9.56
  53044.976   134.128    10.53   10.02
  53334.823   137.321    11.02    9.25
  53624.678   139.333     6.94    9.69
  53914.541   141.979     9.13    9.55
  54204.413   142.898     3.17    9.67
  54494.293   145.156     7.79    9.86
  54784.182   146.301     3.95    9.57
  55074.080   148.059     6.07    9.71
  55362.663   151.109    10.57   10.37
  55650.751   154.360    11.28   11.02
  55938.848   156.500     7.43   10.94
  56226.954   158.140     5.69   10.11
  56515.068   158.371     0.80    9.62
  56803.190   157.209    -4.03    9.59
  57091.320   153.494   -12.89   12.09
  57379.459   149.186   -14.95   14.14
  57667.607   142.995   -21.48   14.51
  57955.762   136.010   -24.24   12.39
  58243.926   129.743   -21.75    9.95
  58532.099   124.676   -17.58    8.49
  58820.280   121.075   -12.50    8.03
  59108.469   118.143   -10.17    6.90
  59396.667   115.884    -7.84    6.41
  59684.873   113.776    -7.31    5.36
  59973.087   111.993    -6.19    4.86
  60261.310   111.633    -1.25    4.31
  60549.542   111.849     0.75    4.38
  60837.781   113.567     5.96    4.96
  61126.029   116.152     8.97    6.75
  61414.286   119.269    10.81    8.61
  61702.551   123.709    15.41    9.55
  61990.824   127.568    13.39    9.70
  62279.106   133.289    19.84   11.09
  62567.396   137.757    15.50   10.43
  62855.695   141.494    12.96    9.23
  63144.002   144.948    11.98    9.61
  63432.317   146.862     6.64    9.98
  63720.641   149.443     8.95   10.63
  64008.973   151.978     8.79   10.48
  64297.314   154.637     9.22   10.54
  64585.663   157.190     8.86   10.89
  64874.020   159.995     9.73   10.71
  65162.386   164.043    14.04   12.74
  65450.761   168.859    16.70   14.59
  65739.144   173.649    16.61   14.82
  66027.535   178.106    15.46   14.53
  66315.935   182.265    14.42   13.60
  66604.343   185.591    11.53   12.37
  66892.760   189.584    13.84   11.64
  67181.185   189.846     0.91   11.08
  67469.618   191.643     6.23   10.71
  67758.060   193.676     7.05   10.85
  68046.511   195.821     7.43   10.70
  68334.969   198.126     7.99   10.18
  68623.437   201.776    12.65   10.17
  68911.912   204.381     9.03   10.34
  69200.397   206.676     7.95    9.63
  69488.889   210.338    12.69    9.98
  69777.391   213.948    12.51    8.91
  70065.900   217.640    12.80    8.47
  70354.418   221.469    13.27    8.33
  70642.945   224.181     9.40    8.67
  70931.480   227.879    12.82    8.65
  71220.023   231.091    11.13    8.92
  71508.575   233.408     8.03    8.62
  71797.136   236.900    12.10    8.67
  72085.704   239.873    10.30    8.84
  72374.282   242.859    10.35    8.51
  72662.868   246.043    11.03    7.63
  72951.462   249.150    10.77    6.92
  73240.065   251.862     9.40    5.94
  73528.676   253.293     4.96    5.42
  73817.296   254.126     2.89    5.27
  74105.924   253.109    -3.52    5.94
  74394.561   253.043    -0.23    5.66
  74683.206   252.914    -0.45    5.55
  74971.860   253.471     1.93    5.85
  75260.522   254.519     3.63    6.21
  75549.193   256.962     8.46    7.19
  75837.872   259.959    10.38    7.29
  76126.560   262.926    10.28    6.87
  76415.256   264.846     6.65    6.17
  76703.961   266.233     4.81    5.43
  76992.674   267.128     3.10    4.28
  77281.396   267.780     2.26    4.12
  77570.126   268.414     2.19    4.54
  77858.865   269.126     2.47    5.17
  78147.612   271.944     9.76    6.79
  78436.368   274.884    10.18    7.58
  78725.132   276.979     7.26    7.35
  79013.905   278.591     5.58    6.63
  79302.686   281.232     9.15    7.34
  79591.476   283.895     9.22    9.78
  79880.274   285.424     5.29    9.89
  80169.081   285.027    -1.37   10.09
  80457.897   283.230    -6.22   10.63
  80746.721   281.649    -5.47   12.06
  81035.553   278.743   -10.06   13.14
  81324.394   276.043    -9.35   14.11
  81613.244   270.333   -19.77   11.75
  81902.102   265.239   -17.63   13.21
  82190.968   261.605   -12.58   13.86
  82479.844   258.928    -9.27   14.94
  82768.727   257.543    -4.80   19.69
  83057.620   260.226     9.29   31.05
  83346.520   257.106   -10.80   33.45
  83635.430   252.106   -17.31   35.76
  83924.348   242.725   -32.47   31.75
  84213.274   235.817   -23.91   30.38
  84502.209   227.759   -27.89   21.79
  84791.153   220.993   -23.42   13.53
  85080.105   216.518   -15.49    8.04
  85369.065   216.297    -0.77    8.62
  85658.034   216.111    -0.64    9.44
  85947.012   216.305     0.67    9.71
  86235.999   216.567     0.91    9.33
  86524.993   218.159     5.51    9.84
  86813.997   217.633    -1.82   10.07
  87103.009   215.186    -8.47   10.31
  87392.030   211.543   -12.60    9.07
  87681.059   207.849   -12.78    9.52
  87970.096   203.709   -14.32    9.88
  88259.143   199.759   -13.67   10.01
  88548.198   195.914   -13.31   10.91
  88837.261   191.963   -13.67   12.05
  89126.333   185.455   -22.51   14.63
  89415.414   178.780   -23.09   14.92
  89704.503   174.759   -13.91   14.05
  89993.601   175.239     1.66   18.32
  90282.707   179.236    13.83   22.73
  90571.822   186.285    24.38   26.10
  90860.946   194.487    28.37   26.73
  91150.078   205.305    37.42   23.28
  91439.219   215.176    34.14   16.70
  91728.368   218.509    11.53   15.40
  92017.526   220.582     7.17   12.94
  92306.692   222.948     8.18   11.83
  92595.868   222.313    -2.20   10.26
  92885.051   220.204    -7.29    9.46
  93174.244   219.909    -1.02   10.49
  93463.445   219.793    -0.40   11.47
  93752.654   219.371    -1.46   12.38
  94041.872   219.106    -0.91   12.43
  94331.099   219.759     2.26   11.83
  94620.335   221.623     6.44   11.71
  94909.579   224.317     9.31   10.84
  95198.831   227.159     9.83   10.54
  95488.092   232.789    19.46   11.43
  95777.362   237.646    16.79   13.57
  96066.641   242.509    16.81   14.56
  96355.928   247.156    16.06   14.44
  96645.224   251.726    15.80   14.55
  96934.528   255.174    11.92   13.86
  97223.841   259.543    15.10   12.86
  97513.163   262.249     9.35   11.36
  97802.493   265.503    11.25   10.67
  98091.832   268.551    10.53    8.76
  98381.180   271.093     8.79    7.61
  98670.536   273.343     7.78    7.19
  98959.901   274.455     3.85    8.38
  99249.274   275.944     5.15    9.96
  99538.656   276.699     2.61   10.49
  99828.047   277.809     3.84   11.32
 100117.446   279.076     4.38   10.53
 100406.854   281.174     7.25   10.11
 100696.271   282.392     4.21    9.66
 100985.696   285.471    10.64    9.84
 101275.130   289.582    14.20    9.24
 101564.573   293.430    13.29    9.42
 101854.025   297.026    12.43    8.56
 102143.485   299.289     7.82    8.60
 102432.953   302.269    10.29    8.40
 102722.431   305.582    11.45    7.63
 103011.916   308.752    10.95    7.53
 103301.411   310.715     6.78    7.00
 103590.914   310.946     0.80    7.00
 103880.426   310.726    -0.76    7.54
 104169.947   307.636   -10.67    8.78
 104459.477   304.855    -9.60    9.55
 104749.015   299.517   -18.44   10.47
 105038.561   294.659   -16.78   10.15
 105328.117   293.317    -4.64    9.55
 105617.681   292.354    -3.32   10.02
 105907.253   293.817     5.05   10.51
 106196.835   295.948     7.36   10.61
 106486.425   298.591     9.13   10.83
 106776.024   302.485    13.45    8.83
 107065.631   304.493     6.93    8.41
 107355.248   308.239    12.94    7.71
 107644.873   311.217    10.28    7.24
 107934.506   312.789     5.43    6.11
 108224.148   313.308     1.79    5.36
 108513.799   312.682    -2.16    6.16
 108803.459   311.959    -2.50    6.81
 109093.128   309.817    -7.40    7.47
 109382.805   308.043    -6.13    6.83
 109672.490   307.190    -2.94    5.75
 109962.185   305.741    -5.00    5.84
 110251.888   305.659    -0.28    6.32
 110541.600   305.593    -0.23    6.31
 110831.321   307.748     7.44    6.23
 111121.050   309.360     5.57    6.83
 111410.788   311.043     5.81    6.68
 111700.535   313.252     7.63    7.53
 111990.291   316.243    10.32    6.59
 112280.055   317.726     5.12    5.62
 112569.828   318.059     1.15    5.73
 112859.610   317.125    -3.22    6.31
 113149.400   315.725    -4.83    7.14
 113439.199   313.259    -8.51    9.04
 113729.007   309.143   -14.21   10.70
 114018.824   304.994   -14.32   11.72
 114308.649   300.381   -15.91   11.96
 114598.484   293.682   -23.12   11.19
 114888.326   288.262   -18.70   10.77
 115178.178   284.436   -13.20    9.42
 115468.038   281.943    -8.60    8.83
 115757.908   280.190    -6.05    9.28
 116047.785   277.736    -8.47    9.70
 116337.672   275.932    -6.23   10.45
 116627.567   273.392    -8.76   10.85
 116917.471   270.535    -9.86   11.03
 117207.384   267.010   -12.16   11.43
 117496.582   263.526   -12.05   11.30
 117784.632   259.944   -12.44   11.03
 118072.690   255.789   -14.43   10.16
 118360.756   253.959    -6.35    9.27
 118648.832   253.223    -2.56    9.32
 118936.916   253.914     2.40    9.72
 119225.008   254.159     0.85   10.77
 119513.110   258.485    15.02   11.95
 119801.219   261.449    10.29   11.99
 120089.338   264.741    11.43   11.74
 120377.465   266.979     7.77   12.45
 120665.601   270.699    12.91   13.50
 120953.745   274.108    11.83   13.42
 121241.899   277.107    10.41   13.60
 121530.060   280.360    11.29   15.26
 121818.231   285.637    18.31   15.84
 122106.410   289.862    14.67   15.52
 122394.598   294.193    15.03   14.49
 122682.794   294.930     2.56   13.09
 122970.999   298.190    11.31   10.83
 123259.213   301.559    11.69    9.11
 123547.435   304.757    11.10    8.49
 123835.666   308.453    12.82    9.64
 124123.906   314.509    21.01   10.00
 124412.154   318.485    13.79    9.89
 124700.411   320.011     5.29    9.70
 124988.677   321.607     5.54   10.66
 125276.952   319.884    -5.98   14.57
 125565.235   317.220    -9.24   18.20
 125853.527   311.682   -19.21   22.67
 126141.827   303.009   -30.08   27.25
 126430.136   294.659   -28.96   29.24
 126718.454   281.376   -46.08   32.75
 127006.781   269.202   -42.23   34.30
 127295.116   257.366   -41.05   32.79
 127583.460   244.976   -42.97   29.16
 127871.812   236.809   -28.32   28.60
 128160.174   228.331   -29.40   25.80
 128448.544   220.981   -25.49   23.70
 128736.923   212.748   -28.55   22.33
 129025.310   205.965   -23.52   15.20
 129313.706   200.976   -17.30    9.28
 129602.111   198.043   -10.17    7.88
 129890.524   198.226     0.64    8.53
 130178.947   199.898     5.80   11.42
 130467.378   202.376     8.59   12.60
 130755.817   206.709    15.02   13.49
 131044.266   210.059    11.61   12.88
 131332.723   211.977     6.65   11.30
 131621.189   214.626     9.18   13.00
 131909.663   212.092    -8.79   13.66
 132198.146   208.186   -13.54   15.87
 132486.638   204.212   -13.77   17.67
 132775.139   200.207   -13.89   17.59
 133063.648   199.623    -2.02   16.70
 133352.167   198.659    -3.34   16.28
 133640.693   202.026    11.67   18.02
 133929.229   206.590    15.82   18.59
 134217.773   212.607    20.86   18.04
 134506.327   221.186    29.73   14.70
 134794.888   227.176    20.76   11.49
 135083.459   231.297    14.28   12.11
 135372.038   235.414    14.27   14.99
 135660.626   240.217    16.65   14.17
 135949.223   244.074    13.36   14.11
 136237.829   248.682    15.97   12.34
 136526.443   251.559     9.97   11.71
 136815.066   255.715    14.40   11.36
 137103.698   256.462     2.59   11.54
 137392.338   258.776     8.02   11.74
 137680.987   262.646    13.41   13.19
 137969.646   263.416     2.67   12.85
 138258.312   265.493     7.20   11.22
 138546.988   266.381     3.08   10.21
 138835.672   267.769     4.81    8.75
 139124.365   270.249     8.59    7.40
 139413.067   271.916     5.77    7.46
 139701.778   275.091    11.00    7.98
 139990.497   278.879    13.12    8.68
 140279.225   283.209    15.00    9.22
 140567.962   287.075    13.39    8.86
 140856.708   290.297    11.16    7.53
 141145.463   292.075     6.16    6.38
 141434.226   293.449     4.76    5.50
 141722.998   293.174    -0.95    5.92
 142011.779   292.759    -1.44    6.12
 142300.568   291.873    -3.07    5.68
 142589.367   292.520     2.24    5.95
 142878.174   292.666     0.51    6.41
 143166.990   292.627    -0.13    7.10
 143455.815   294.593     6.81    7.06
 143744.648   294.509    -0.29    7.16
 144033.491   295.026     1.79    7.24
 144322.342   294.646    -1.32    7.71
 144611.202   293.027    -5.61    7.90
 144900.071   290.865    -7.48    7.55
 145188.948   288.436    -8.41    8.35
 145477.835   285.232   -11.09    7.94
 145766.730   283.354    -6.50    7.49
 146055.634   280.107   -11.24    7.30
 146344.547   277.995    -7.31    7.31
 146633.468   275.387    -9.03    6.74
 146922.399   274.509    -3.04    6.85
 147211.338   273.285    -4.24    7.10
 147500.286   272.559    -2.51    6.71
 147789.243   271.926    -2.19    6.37
 148078.208   271.424    -1.74    6.47
 148367.183   270.371    -3.64    7.10
 148656.166   267.354   -10.44    8.42
 148945.158   264.075   -11.35    8.55
 149234.159   260.010   -14.07    8.26
 149523.169   256.591   -11.83    7.57
 149812.188   253.075   -12.17    6.90
 150101.215   251.090    -6.87    6.24
 150390.252   249.600    -5.16    5.77
 150679.297   249.626     0.09    5.06
 150968.351   248.909    -2.48    5.38
 151257.414   249.773     2.99    5.78
 151546.486   251.059     4.45    6.34
 151835.566   252.996     6.70    6.93
 152124.655   254.893     6.56    7.44
 152413.754   257.126     7.73    7.80
 152702.861   259.693     8.88    8.23
 152991.977   263.012    11.48    8.94
 153281.101   266.649    12.58   12.18
 153570.235   269.355     9.36   13.01
 153859.378   271.309     6.76   13.30
 154148.529   269.993    -4.55   13.63
 154437.689   270.526     1.84   13.49
 154726.858   271.527     3.46   15.66
 155016.036   272.138     2.11   15.80
 155305.223   271.881    -0.89   13.35
 155594.419   273.172     4.46   12.92
 155883.623   275.485     8.00   12.90
 156172.837   278.617    10.83   12.95
 156462.059   281.010     8.28   12.34
 156751.290   282.424     4.89   10.85
 157040.530   283.941     5.25    9.13
 157329.779   289.764    20.13   14.26
 157619.037   296.948    24.84   22.11
 157908.304   300.526    12.37   22.11
 158197.579   304.305    13.06   20.73
 158486.864   308.360    14.02   19.06
 158776.157   313.059    16.24   17.69
 159065.459   315.946     9.98   14.93
 159354.770   315.305    -2.22    9.70
 159644.090   315.797     1.70    7.15
 159933.419   317.091     4.47    6.69
 160222.757   317.075    -0.06    6.60
 160512.104   316.281    -2.74    7.32
 160801.459   314.026    -7.79    8.90
 161090.824   310.176   -13.31    9.49
 161380.197   306.076   -14.17   10.12
 161669.580   301.397   -16.17    9.80
 161958.971   297.502   -13.46   10.16
 162248.371   293.581   -13.55    9.42
 162537.780   289.009   -15.80    7.04
 162827.198   286.643    -8.18    6.96
 163116.625   285.476    -4.03    7.84
 163406.061   284.674    -2.77    8.92
 163695.506   285.979     4.51    9.99
 163984.959   287.122     3.95   10.16
 164274.422   289.126     6.92    9.89
 164563.893   289.843     2.48    9.47
 164853.374   292.715     9.92    9.05
 165142.863   294.365     5.70    8.97
 165432.362   295.360     3.44    9.07
 165721.869   294.204    -3.99    9.95
 166011.385   292.961    -4.29   10.55
 166300.910   288.801   -14.37   11.63
 166590.444   284.381   -15.27   12.07
 166879.987   278.862   -19.06   11.49
 167169.539   275.186   -12.70   11.69
 167459.100   272.704    -8.57   13.49
 167748.670   273.043     1.17   16.06
 168038.248   272.833    -0.72   16.21
 168327.836   273.862     3.55   14.16
 168617.433   276.076     7.64   13.71
 168907.038   278.836     9.53   12.69
 169196.653   282.272    11.86   12.30
 169486.276   288.633    21.96   12.22
 169775.909   293.276    16.03   11.18
 170065.550   298.607    18.41   10.23
 170355.201   302.059    11.92    9.75
 170644.860   305.646    12.39    8.49
 170934.528   308.785    10.84    8.22
 171224.206   312.459    12.69    8.19
 171513.892   315.443    10.30    7.87
 171803.587   318.343    10.01    7.49
 172093.292   320.293     6.73    7.22
 172383.005   321.354     3.66    6.64
 172672.727   321.694     1.17    6.54
 172962.458   322.143     1.55    7.25
 173252.198   321.993    -0.52    7.45
 173541.947   322.666     2.32    6.96
 173831.705   320.966    -5.87    6.48
 174121.472   320.220    -2.57    6.09
 174411.249   318.449    -6.11    6.95
 174701.034   316.826    -5.60    6.80
 174990.828   313.276   -12.25    8.43
 175280.631   309.462   -13.16    9.28
 175570.443   305.821   -12.57    9.64
 175860.264   302.027   -13.09    9.16
 176150.094   298.285   -12.91    8.76
 176439.933   295.859    -8.37    7.58
 176729.781   293.676    -7.53    7.81
 177019.638   292.446    -4.24    8.21
 177309.504   290.338    -7.27    8.01
 177599.379   288.474    -6.43    8.08
 177889.263   286.387    -7.20    7.37
 178179.156   284.859    -5.27    7.79
 178469.058   282.511    -8.10    8.06
 178758.969   279.360   -10.87    8.52
 179048.890   275.333   -13.89    9.96
 179338.819   272.480    -9.84    9.42
 179628.680   269.226   -11.23    9.01
 179916.690   267.143    -7.23    8.84
 180204.709   265.609    -5.32    9.09
 180492.737   264.297    -4.56   10.11
 180780.774   262.154    -7.44   10.94
 181068.820   260.979    -4.08   10.97
 181356.874   261.090     0.39   11.54
 181644.938   260.593    -1.73   12.15
 181933.010   262.193     5.55   13.89
 182221.092   265.092    10.06   14.89
 182509.182   267.574     8.62   14.61
 182797.281   268.914     4.65   12.53
 183085.389   271.963    10.59   12.71
 183373.506   273.600     5.68   11.47
 183661.632   277.176    12.41   11.91
 183949.767   279.453     7.90   11.01
 184237.910   280.874     4.93   10.23
 184526.063   281.301     1.48    9.02
 184814.224   282.058     2.63    8.72
 185102.395   281.659    -1.38    9.16
 185390.574   278.943    -9.43    9.77
 185678.763   275.190   -13.02   12.00
 185966.960   270.720   -15.51   12.93
 186255.166   265.630   -17.66   13.53
 186543.381   259.301   -21.96   14.11
 186831.605   253.123   -21.43   12.68
 187119.838   247.535   -19.39   12.26
 187408.080   243.426   -14.26   12.37
 187696.331   237.125   -21.86   13.26
 187984.591   232.424   -16.31   12.24
 188272.859   227.943   -15.55   11.22
 188561.137   223.289   -16.15   11.17
 188849.423   218.424   -16.88   11.62
 189137.719   214.759   -12.71   11.46
 189426.023   211.371   -11.76   10.43
 189714.337   208.471   -10.06   10.26
 190002.659   208.207    -0.92   10.37
 190290.991   208.640     1.50   10.41
 190579.331   208.859     0.76   10.26
 190867.680   209.643     2.72    9.08
 191156.038   209.704     0.21    8.53
 191444.406   207.646    -7.14    9.43
 191732.782   204.646   -10.40   10.96
 192021.167   201.172   -12.05   12.57
 192309.561   195.593   -19.35   13.00
 192597.964   190.207   -18.68   13.68
 192886.376   184.752   -18.91   13.86
 193174.797   178.551   -21.50   13.08
 193463.227   175.360   -11.06   12.53
 193751.666   172.010   -11.62   10.64
 194040.114   169.893    -7.34   10.73
 194328.571   168.074    -6.31   11.33
 194617.036   167.010    -3.69   11.45
 194905.511   166.543    -1.62   12.07
 195193.995   166.265    -0.96   14.21
 195482.488   169.321    10.60   17.09
 195770.990   176.600    25.23   24.04
 196059.500   184.092    25.97   28.41
 196348.020   192.236    28.23   28.98
 196636.549   196.252    13.92   26.06
 196925.087   203.154    23.92   26.18
 197213.634   207.446    14.88   26.62
 197502.189   212.076    16.05   25.58
 197790.754   212.259     0.64   23.33
 198079.328   214.459     7.62   21.90
 198367.911   214.487     0.10   21.37
 198656.502   214.090    -1.38   21.78
 198945.103   212.843    -4.32   21.76
 199233.713   208.859   -13.80   18.79
 199522.332   204.059   -16.63   20.59
 199810.960   198.726   -18.48   22.52
 200099.597   190.135   -29.77   26.62
 200388.242   183.879   -21.68   26.76
 200676.897   175.581   -28.75   25.33
 200965.561   169.693   -20.40   21.41
 201254.234   164.593   -17.67   20.79
 201542.916   164.526    -0.23   19.79
 201831.607   164.567     0.14   19.10
 202120.307   165.821     4.34   18.35
 202409.016   162.789   -10.50   18.96
 202697.734   158.511   -14.82   17.50
 202986.461   153.259   -18.19   16.06
 203275.198   149.393   -13.39   14.04
 203563.943   143.252   -21.27   12.27
 203852.697   139.746   -12.15   10.98
 204141.460   136.252   -12.10    9.81
 204430.233   134.365    -6.54    9.20
 204719.014   131.633    -9.46    8.74
 205007.804   129.793    -6.37    7.98
 205296.604   127.494    -7.96    7.56
 205585.412   125.215    -7.89    7.64
 205874.230   123.493    -5.96    7.25
 206163.056   120.720    -9.60    7.17
 206451.892   118.830    -6.55    7.21
 206740.737   115.809   -10.46    7.30
 207029.591   112.895   -10.09    7.31
 207318.453   110.075    -9.77    6.61
 207607.325   108.186    -6.54    5.79
 207896.206   107.156    -3.57    5.60
 208185.096   106.256    -3.12    5.02
 208473.996   105.797    -1.59    5.08
 208762.904   105.688    -0.38    5.64
 209051.821   104.963    -2.51    5.88
 209340.747   104.709    -0.88    6.34
 209629.683   103.485    -4.24    6.33
 209918.627   102.243    -4.30    6.65
 210207.581    99.978    -7.84    6.34
 210496.543    98.125    -6.42    6.47
 210785.515    95.409    -9.40    5.42
 211074.496    93.527    -6.51    6.11
 211363.486    91.494    -7.03    5.65
 211652.485    88.859    -9.12    4.90
 211941.493    87.978    -3.05    4.38
 212230.510    86.559    -4.91    4.10
 212519.537    85.527    -3.57    4.47
 212808.572    84.154    -4.75    4.66
 213097.616    82.462    -5.85    5.13
 213386.670    80.535    -6.67    5.50
 213675.733    78.907    -5.63    5.03
 213964.805    76.591    -8.01    4.63
 214253.885    75.265    -4.59    4.52
 214542.975    73.672    -5.51    4.36
 214832.075    72.252    -4.91    4.44
 215121.183    70.826    -4.93    4.36
 215410.300    70.243    -2.02    4.05
 215699.427    68.738    -5.21    3.93
 215988.562    67.674    -3.68    4.08
 216277.707    66.301    -4.75    3.93
 216566.861    64.858    -4.99    4.13
 216856.024    63.485    -4.75    4.31
 217145.196    61.909    -5.45    4.47
 217434.377    60.873    -3.58    4.46
 217723.567    59.843    -3.56    4.13
 218012.767    59.122    -2.49    4.03
 218301.975    58.154    -3.35    4.07
 218591.193    57.743    -1.42    3.86
 218880.420    57.176    -1.96    3.49
 219169.656    57.371     0.67    3.20
 219458.901    57.138    -0.80    3.10
 219748.155    57.265     0.44    3.03
 220037.419    57.478     0.74    3.00
 220326.691    58.535     3.65    3.85
 220615.973    59.672     3.93    4.61
 220905.264    60.895     4.23    4.68
 221194.564    62.289     4.82    4.56
 221483.873    63.281     3.43    3.53
 221773.192    63.309     0.10    3.10
 222062.519    62.426    -3.05    3.67
 222351.856    61.105    -4.57    4.16
 222641.202    59.843    -4.36    3.88
 222930.557    59.193    -2.25    3.94
 223219.921    58.773    -1.45    4.13
 223509.294    58.780     0.03    4.24
 223798.676    59.190     1.42    4.21
 224088.068    59.801     2.11    4.47
 224377.469    60.027     0.78    4.34
 224666.879    59.785    -0.84    4.33
 224956.298    58.487    -4.48    4.04
 225245.726    57.204    -4.43    4.25
 225535.164    56.158    -3.62    4.27
 225824.611    55.826    -1.15    3.89
 226114.067    55.928     0.35    3.82
 226403.532    57.725     6.21    5.08
 226693.006    59.265     5.32    5.76
 226982.489    61.012     6.04    5.60
 227271.982    62.256     4.30    4.78
 227561.484    62.593     1.16    4.63
 227850.995    61.305    -4.45    5.50
 228140.515    59.874    -4.95    5.49
 228430.045    58.478    -4.82    4.59
 228719.583    58.197    -0.97    4.32
 229009.131    58.895     2.41    4.85
 229298.688    59.909     3.50    4.89
 229588.254    61.176     4.37    4.69
 229877.830    61.852     2.34    4.37
 230167.414    61.551    -1.04    4.66
 230457.008    60.043    -5.21    5.47
 230746.611    58.026    -6.96    6.06
 231036.224    54.759   -11.28    6.04
 231325.845    52.865    -6.54    5.90
 231615.476    50.478    -8.24    5.07
 231905.116    48.995    -5.12    4.80
 232194.765    47.236    -6.07    4.38
 232484.424    46.676    -1.93    4.16
 232774.091    45.930    -2.58    3.67
 233063.768    45.607    -1.11    3.66
 233353.454    45.309    -1.03    3.12
 233643.149    46.058     2.59    3.25
 233932.854    47.493     4.95    4.48
 234222.568    50.259     9.55    5.99
 234512.291    52.849     8.94    7.30
 234802.023    56.430    12.36    8.55
 235091.765    61.059    15.98    9.25
 235381.515    65.757    16.21    8.76
 235671.275    69.430    12.68    7.55
 235961.045    71.502     7.15    6.45
 236250.823    72.909     4.86    5.59
 236540.611    73.527     2.13    5.98
 236830.408    73.852     1.12    6.41
 237120.214    73.281    -1.97    6.93
 237410.030    72.623    -2.27    7.25
 237699.855    72.715     0.32    7.36
 237989.689    74.293     5.44    7.67
 238279.532    74.321     0.10    7.91
 238569.384    74.590     0.93    7.70
 238859.246    75.043     1.56    6.66
 239149.117    76.789     6.02    6.55
 239438.998    79.141     8.12    6.56
 239728.887    81.326     7.54    6.81
 240018.786    84.865    12.21    7.86
 240308.695    88.324    11.93    8.06
 240598.612    91.895    12.32    7.58
 240888.539    95.672    13.03    7.87
 241178.475    99.239    12.31    8.59
 241468.420   101.293     7.08    8.37
 241758.375   103.140     6.37    7.68
 242046.964   103.355     0.75    7.31
 242334.947   103.948     2.06    7.14
 242622.940   103.344    -2.09    7.58
 242910.941   101.190    -7.48    7.70
 243198.952    98.223   -10.30    7.83
 243486.972    95.801    -8.41    7.78
 243775.001    92.186   -12.55    6.54
 244063.039    89.741    -8.49    5.37
 244351.086    87.381    -8.19    5.42
 244639.143    85.143    -7.77    5.90
 244927.208    83.188    -6.79    7.00
 245215.283    80.309    -9.99    7.08
 245503.367    75.617   -16.29    7.79
 245791.460    71.535   -14.17    8.46
 246079.562    67.876   -12.70    8.83
 246367.674    63.764   -14.27    9.65
 246655.795    60.204   -12.36    9.36
 246943.924    56.826   -11.73    8.24
 247232.063    53.731   -10.74    7.73
 247520.212    50.662   -10.65    7.12
 247808.369    48.186    -8.59    6.80
 248096.535    44.392   -13.17    5.95
 248384.711    42.493    -6.59    5.28
 248672.896    40.269    -7.72    5.91
 248961.090    39.075    -4.14    5.77
 249249.293    37.805    -4.41    5.93
 249537.506    37.328    -1.65    6.47
 249825.728    36.865    -1.61    6.94
 250113.958    38.226     4.72    7.28
 250402.199    39.174     3.29    8.05
 250690.448    40.623     5.03    8.29
 250978.706    40.764     0.49    8.63
 251266.974    40.757    -0.02    8.45
 251555.251    39.813    -3.27    8.33
 251843.537    38.359    -5.04    8.55
 252131.832    35.090   -11.34    9.21
 252420.137    32.141   -10.23    8.71
 252708.450    29.485    -9.21    8.61
 252996.773    26.344   -10.90    8.80
 253285.105    23.748    -9.01    8.36
 253573.447    20.190   -12.34    8.25
 253861.797    17.317    -9.97    7.84
 254150.157    14.158   -10.96    7.55
 254438.526    11.220   -10.19    8.56
 254726.905     7.217   -13.88    7.37
 255015.292     4.360    -9.91    7.22
 255303.689     0.930   -11.90    6.61
 255592.095    -1.357    -7.93    5.63
 255880.510    -4.138    -9.64    5.98
 256168.934    -5.925    -6.20    6.30
 256457.368    -7.538    -5.59    6.18
 256745.811    -9.379    -6.38    6.32
 257034.263   -11.892    -8.71    6.15
 257322.724   -14.241    -8.14    6.86
 257611.195   -16.941    -9.36    6.14
 257899.675   -19.409    -8.56    6.31
 258188.164   -22.602   -11.07    6.13
 258476.662   -25.338    -9.48    5.41
 258765.170   -27.506    -7.51    5.20
 259053.687   -30.274    -9.60    5.54
 259342.213   -32.252    -6.86    5.29
 259630.748   -34.844    -8.98    5.55
 259919.293   -36.783    -6.72    6.12
 260207.847   -39.254    -8.57    5.50
 260496.410   -41.344    -7.24    5.25
 260784.982   -43.908    -8.89    4.12
 261073.564   -45.056    -3.98    3.79
 261362.155   -46.441    -4.80    3.17
 261650.755   -47.449    -3.49    3.04
 261939.365   -48.481    -3.58    2.71
 262227.984   -49.070    -2.04    2.55
 262516.612   -49.791    -2.50    2.00
 262805.249   -50.424    -2.19    1.99
 263093.896   -50.691    -0.92    2.00
 263382.551   -51.373    -2.36    2.16
 263671.217   -51.672    -1.04    2.11
 263959.891   -52.188    -1.79    1.97
 264248.575   -52.679    -1.70    2.04
 264537.268   -53.141    -1.60    2.21
 264825.970   -53.892    -2.60    2.44
 265114.682   -54.788    -3.11    2.60
 265403.403   -55.586    -2.77    2.81
 265692.133   -56.654    -3.70    2.73
 265980.873   -57.839    -4.10    2.36
 266269.621   -58.841    -3.47    2.42
 266558.379   -59.491    -2.25    2.08
 266847.147   -60.151    -2.29    1.91
 267135.924   -60.687    -1.86    1.85
 267424.710   -60.957    -0.93    1.92
 267713.505   -61.022    -0.22    1.83
 268002.310   -61.291    -0.93    1.85
 268291.124   -61.425    -0.47    1.95
 268579.947   -61.715    -1.01    2.09
 268868.780   -61.988    -0.95    2.12
 269157.622   -62.465    -1.65    1.95
 269446.473   -62.640    -0.60    1.93
 269735.333   -63.138    -1.72    1.82
 270024.203   -63.274    -0.47    1.86
 270313.082   -63.449    -0.61    1.92
 270601.971   -63.410     0.13    1.80
 270890.869   -63.357     0.18    1.72
 271179.776   -63.367    -0.03    1.70
 271468.693   -63.656    -1.00    1.73
 271757.619   -63.607     0.17    1.64
 272046.554   -63.597     0.04    1.79
 272335.498   -63.676    -0.27    1.96
 272624.452   -63.183     1.71    2.63
 272913.416   -62.395     2.73    3.02
 273202.388   -61.657     2.55    3.31
 273491.370   -60.607     3.63    3.36
 273780.361   -60.135     1.64    3.11
 274069.362   -60.068     0.23    2.97
 274358.372   -60.402    -1.15    2.91
 274647.391   -60.941    -1.87    2.78
 274936.420   -61.236    -1.02    2.52
 275225.458   -61.691    -1.57    2.46
 275514.506   -62.037    -1.20    2.13
 275803.563   -61.941     0.33    2.03
 276092.629   -61.814     0.44    1.96
 276381.704   -61.859    -0.15    1.67
 276670.789   -62.007    -0.51    1.65
 276959.883   -62.522    -1.78    1.57
 277248.987   -62.974    -1.56    1.79
 277538.100   -63.641    -2.31    2.04
 277827.223   -64.203    -1.95    2.06
 278116.354   -64.796    -2.05    1.95
 278405.495   -65.391    -2.06    1.73
 278694.646   -65.602    -0.73    1.67
 278983.806   -65.909    -1.06    1.72
 279272.975   -66.199    -1.00    1.83
 279562.154   -66.656    -1.58    2.08
 279851.342   -66.973    -1.10    2.23
 280140.540   -67.651    -2.34    2.52
 280429.746   -68.039    -1.34    2.56
 280718.963   -68.651    -2.11    2.62
 281008.188   -69.100    -1.55    2.49
 281297.423   -69.656    -1.92    2.47
 281586.668   -69.748    -0.32    2.30
 281875.922   -70.187    -1.52    2.22
 282165.185   -70.307    -0.42    2.01
 282454.458   -70.857    -1.90    1.93
 282743.740   -71.403    -1.89    1.85
 283033.031   -71.687    -0.98    1.91
 283322.332   -72.003    -1.09    1.93
 283611.643   -72.574    -1.97    1.60
 283900.962   -72.957    -1.33    1.58
 284190.291   -73.344    -1.34    1.68
 284479.630   -73.957    -2.12    1.97
 284768.978   -74.667    -2.45    1.91
 285058.336   -75.200    -1.84    2.01
 285347.702   -75.547    -1.20    2.04
 285637.079   -75.907    -1.24    1.78
 285926.464   -76.224    -1.09    1.62
 286215.860   -76.576    -1.22    1.70
 286505.264   -77.037    -1.59    1.81
 286794.678   -77.227    -0.66    1.72
 287084.102   -77.629    -1.39    1.75
 287373.534   -78.224    -2.05    1.80
 287662.977   -78.646    -1.46    1.69
 287952.429   -79.264    -2.14    1.51
 288241.890   -79.767    -1.74    1.57
 288531.361   -80.119    -1.22    1.79
 288820.841   -80.844    -2.51    1.87
 289110.330   -81.489    -2.23    1.82
 289399.829   -82.023    -1.84    1.70
 289689.338   -82.597    -1.98    1.58
 289978.856   -83.084    -1.68    1.57
 290268.383   -83.465    -1.32    1.64
 290557.920   -84.291    -2.85    1.72
 290847.466   -84.598    -1.06    1.74
 291137.022   -85.007    -1.41    1.67
 291426.587   -85.613    -2.09    1.76
 291716.162   -86.021    -1.41    1.79
 292005.746   -86.515    -1.71    1.80
 292295.340   -86.892    -1.30    1.72
 292584.943   -87.199    -1.06    1.71
 292874.556   -87.351    -0.52    1.58
 293164.178   -87.296     0.19    1.56
 293453.809   -87.291     0.02    1.61
 293743.450   -87.328    -0.13    1.58
 294033.101   -87.613    -0.98    1.49
 294322.761   -87.707    -0.33    1.26
 294612.430   -88.006    -1.03    1.35
 294902.109   -88.054    -0.16    1.52
 295191.798   -88.132    -0.27    1.48
 295481.496   -88.116     0.05    1.48
 295771.203   -88.207    -0.32    1.56
 296060.920   -87.974     0.81    1.89
 296350.647   -87.407     1.96    2.49
 296640.383   -86.230     4.06    3.00
 296930.128   -85.068     4.01    3.24
 297219.883   -83.850     4.21    3.20
 297509.648   -82.400     5.00    2.85
 297799.422   -81.241     4.00    2.78
 298089.205   -80.138     3.81    3.29
 298378.998   -78.880     4.34    3.25
 298668.801   -77.812     3.69    3.03
 298958.613   -77.185     2.17    2.79
 299248.434   -76.482     2.42    2.63
 299538.265   -75.657     2.85    2.85
 299828.106   -75.274     1.32    2.99
 300117.956   -75.005     0.93    3.16
 300407.816   -74.418     2.03    3.37
 300697.685   -73.667     2.59    3.49
 300987.564   -72.826     2.90    3.66
 301277.452   -71.291     5.30    4.19
 301567.350   -70.877     1.43    4.68
 301857.257   -69.179     5.86    5.35
 302147.174   -68.306     3.01    5.91
 302437.100   -65.925     8.22    6.63
 302727.036   -64.908     3.51    6.61
 303016.982   -63.699     4.17    6.22
 303306.937   -62.135     5.40    6.45
 303596.901   -59.449     9.26    6.55
 303886.875   -56.370    10.62    8.63
 304176.163   -52.328    13.97   10.49
 304464.107   -48.024    14.95   11.09
 304752.059   -43.270    16.51   10.89
 305040.022   -38.857    15.33    9.85
 305327.993   -34.810    14.06    8.85
 305615.974   -31.848    10.29    8.17
 305903.965   -30.105     6.05    8.26
 306191.965   -27.764     8.13    8.59
 306479.974   -26.006     6.11    9.21
 306767.993   -22.191    13.25   11.79
 307056.021   -17.941    14.76   15.66
 307344.059   -10.942    24.31   19.88
 307632.106    -5.275    19.68   20.81
 307920.162     1.994    25.24   21.00
 308208.228     7.108    17.76   19.03
 308496.303    12.879    20.03   15.11
 308784.388    13.535     2.28   12.14
 309072.482    14.360     2.87    9.11
 309360.586    12.465    -6.58    8.31
 309648.699    11.301    -4.04    8.06
 309936.821     8.209   -10.73    7.75
 310224.953     6.649    -5.42    8.39
 310513.094     3.978    -9.27    9.84
 310801.245     3.043    -3.25   10.14
 311089.405     2.328    -2.48   10.39
 311377.575     2.285    -0.15   10.65
 311665.754     2.376     0.32   11.29
 311953.943     4.168     6.22   10.89
 312242.141     6.726     8.88   10.24
 312530.348     9.502     9.63    8.70
 312818.565    12.058     8.87    7.75
 313106.791    13.731     5.81    6.51
 313395.027    15.462     6.01    6.27
 313683.273    15.736     0.95    6.12
 313971.527    16.443     2.45    6.63
 314259.792    15.430    -3.51    6.53
 314548.065    15.871     1.53    6.08
 314836.348    15.709    -0.56    5.58
 315124.641    16.527     2.84    5.31
 315412.943    17.830     4.52    5.48
 315701.255    20.010     7.56    5.51
 315989.576    21.027     3.53    5.14
 316277.906    23.011     6.88    5.33
 316566.246    24.543     5.31    5.18
 316854.596    26.365     6.32    5.68
 317142.955    29.026     9.23    6.14
 317431.323    31.961    10.18    6.58
 317719.701    34.720     9.57    7.17
 318008.089    38.076    11.64    7.37
 318296.486    41.487    11.83    7.47
 318584.892    45.317    13.28    7.38
 318873.308    49.209    13.50    7.22
 319161.733    51.793     8.96    6.86
 319450.168    53.426     5.66    6.28
 319738.613    53.387    -0.14    7.05
 320027.067    52.512    -3.04    8.59
 320315.530    51.387    -3.90    9.89
 320604.003    51.252    -0.47    9.88
 320892.485    51.059    -0.67    9.52
 321180.977    52.928     6.48    9.53
 321469.479    61.204    28.69   22.14
 321757.990    72.630    39.61   28.29
 322046.510    82.979    35.88   30.48
 322335.040    94.785    40.92   29.54
 322623.580   105.699    37.83   24.86
 322912.129   115.207    32.96   16.99
 323200.687   119.805    15.94    9.15
 323489.256   120.154     1.21    5.87
 323777.833   119.265    -3.08    6.36
 324066.420   117.494    -6.14    7.16
 324355.017   114.309   -11.04    6.99
 324643.623   110.961   -11.61    6.90
 324932.239   107.392   -12.37    7.43
 325220.864   103.236   -14.40    7.04
 325509.499   100.168   -10.63    7.04
 325798.144    96.736   -11.89    6.97
 326086.798    93.193   -12.28    6.79
 326375.461    89.590   -12.48    7.79
 326664.134    85.780   -13.20    8.58
 326952.817    81.809   -13.76    8.10
 327241.509    79.058    -9.53    7.43
 327530.210    76.720    -8.10    6.37
 327818.922    75.743    -3.39    5.72
 328107.642    76.172     1.49    5.62
 328396.373    76.720     1.90    5.52
 328685.113    78.623     6.59    5.91
 328973.862    81.027     8.33    5.99
 329262.621    82.930     6.59    5.32
 329551.390    84.914     6.87    5.61
 329840.168    85.109     0.68    5.74
 330128.956    84.748    -1.25    7.41
 330417.753    81.478   -11.32   10.06
 330706.560    78.871    -9.03   11.07
 330995.376    75.709   -10.95   10.91
 331284.202    71.204   -15.60    9.93
 331573.038    66.609   -15.91    7.83
 331861.883    64.909    -5.89    7.14
 332150.738    64.059    -2.95    6.31
 332439.602    64.647     2.03    5.67
 332728.476    64.332    -1.09    5.49
