-285711.721    -2.426     0.00    0.00
-285422.863    -2.426     0.00    0.00
-285134.015    -2.426     0.00    0.00
-284845.177    -2.426     0.00    0.00
-284556.351    -2.426     0.00    0.00
-284267.534    -2.426     0.00    0.00
-283978.729    -2.426     0.00    0.00
-283689.934    -2.426     0.00    0.00
-283401.149    -2.426     0.00    0.00
-283112.375    -2.426     0.00    0.00
-282823.612    -2.426     0.00    0.00
-282534.859    -2.426     0.00    0.00
-282246.116    -2.426     0.00    0.00
-281957.385    -2.426     0.00    0.00
-281668.663    -2.426     0.00    0.00
-281379.953    -2.426     0.00    0.00
-281091.253    -2.426     0.00    0.00
-280802.563    -2.426     0.00    0.00
-280513.884    -2.426     0.00    0.00
-280225.216    -2.426     0.00    0.00
-279936.558    -2.426     0.00    0.00
-279647.910    -2.426     0.00    0.00
-279359.273    -2.426     0.00    0.00
-279070.647    -2.426     0.00    0.00
-278782.031    -2.426     0.00    0.00
-278493.426    -2.426     0.00    0.00
-278204.831    -2.426     0.00    0.00
-277916.247    -2.426     0.00    0.00
-277627.673    -2.426     0.00    0.00
-277339.110    -2.426     0.00    0.00
-277050.557    -2.426     0.00    0.00
-276762.015    -2.426     0.00    0.00
-276473.484    -2.426     0.00    0.00
-276184.963    -2.426     0.00    0.00
-275896.452    -2.426     0.00    0.00
-275607.952    -2.426     0.00    0.00
-275319.462    -2.426     0.00    0.00
-275030.983    -2.426     0.00    0.00
-274742.515    -2.426     0.00    0.00
-274454.057    -2.426     0.00    0.00
-274165.609    -2.426     0.00    0.00
-273877.172    -2.426     0.00    0.00
-273588.745    -2.426     0.00    0.00
-273300.329    -2.426     0.00    0.00
-273011.924    -2.426     0.00    0.00
-272723.528    -2.426     0.00    0.00
-272435.144    -2.426     0.00    0.00
-272146.770    -2.426     0.00    0.00
-271858.406    -2.426     0.00    0.00
-271570.053    -2.426     0.00    0.00
-271281.710    -2.426     0.00    0.00
-270993.378    -2.426     0.00    0.00
-270705.056    -2.426     0.00    0.00
-270416.745    -2.426     0.00    0.00
-270128.444    -2.426     0.00    0.00
-269840.154    -2.426     0.00    0.00
-269551.874    -2.426     0.00    0.00
-269263.604    -2.426     0.00    0.00
-268975.345    -2.426     0.00    0.00
-268687.097    -2.426     0.00    0.00
-268398.859    -2.426     0.00    0.00
-268110.631    -2.426     0.00    0.00
-267822.414    -2.426     0.00    0.00
-267534.208    -2.426     0.00    0.00
-267246.011    -2.426     0.00    0.00
-266957.826    -2.426     0.00    0.00
-266669.650    -2.426     0.00    0.00
-266381.485    -2.426     0.00    0.00
-266093.331    -2.426     0.00    0.00
-265805.187    -2.426     0.00    0.00
-265517.053    -2.426     0.00    0.00
-265228.930    -2.426     0.00    0.00
-264940.817    -2.426     0.00    0.00
-264652.715    -2.426     0.00    0.00
-264364.623    -2.426     0.00    0.00
-264076.542    -2.426     0.00    0.00
-263788.471    -2.426     0.00    0.00
-263500.410    -2.426     0.00    0.00
-263212.360    -2.426     0.00    0.00
-262924.320    -2.426     0.00    0.00
-262636.291    -2.426     0.00    0.00
-262348.272    -2.426     0.00    0.00
-262060.264    -2.426     0.00    0.00
-261772.266    -2.426     0.00    0.00
-261484.278    -2.426     0.00    0.00
-261196.301    -2.426     0.00    0.00
-260908.334    -2.426     0.00    0.00
-260620.377    -2.426     0.00    0.00
-260332.431    -2.426     0.00    0.00
-260044.496    -2.426     0.00    0.00
-259756.570    -2.426     0.00    0.00
-259468.655    -2.426     0.00    0.00
-259180.751    -2.426     0.00    0.00
-258892.857    -2.426     0.00    0.00
-258604.973    -2.426     0.00    0.00
-258317.100    -2.426     0.00    0.00
-258029.237    -2.426     0.00    0.00
-257741.384    -2.426     0.00    0.00
-257453.542    -2.426     0.00    0.00
-257165.710    -2.426     0.00    0.00
-256877.889    -2.426     0.00    0.00
-256590.078    -2.426     0.00    0.00
-256302.277    -2.426     0.00    0.00
-256014.487    -2.426     0.00    0.00
-255726.007    -2.426     0.00    0.00
-255435.977    -2.426     0.00    0.00
-255145.958    -2.426     0.00    0.00
-254855.949    -2.426     0.00    0.00
-254565.951    -2.426     0.00    0.00
-254275.963    -2.426     0.00    0.00
-253985.986    -2.426     0.00    0.00
-253696.020    -2.426     0.00    0.00
-253406.064    -2.426     0.00    0.00
-253116.118    -2.426     0.00    0.00
-252826.183    -2.426     0.00    0.00
-252536.259    -2.426     0.00    0.00
-252246.345    -2.426     0.00    0.00
-251956.442    -2.426     0.00    0.00
-251666.549    -2.426     0.00    0.00
-251376.667    -2.426     0.00    0.00
-251086.795    -2.426     0.00    0.00
-250796.934    -2.426     0.00    0.00
-250507.083    -2.426     0.00    0.00
-250217.243    -2.426     0.00    0.00
-249927.413    -2.426     0.00    0.00
-249637.594    -2.426     0.00    0.00
-249347.785    -2.426     0.00    0.00
-249057.987    -2.426     0.00    0.00
-248768.199    -2.426     0.00    0.00
-248478.422    -2.426     0.00    0.00
-248188.655    -2.426     0.00    0.00
-247898.899    -2.426     0.00    0.00
-247609.153    -2.426     0.00    0.00
-247319.418    -2.426     0.00    0.00
-247029.694    -2.426     0.00    0.00
-246739.979    -2.426     0.00    0.00
-246450.276    -2.426     0.00    0.00
-246160.582    -2.426     0.00    0.00
-245870.900    -2.426     0.00    0.00
-245581.227    -2.426     0.00    0.00
-245291.566    -2.426     0.00    0.00
-245001.914    -2.426     0.00    0.00
-244712.273    -2.426     0.00    0.00
-244422.643    -2.426     0.00    0.00
-244133.023    -2.426     0.00    0.00
-243843.414    -2.426     0.00    0.00
-243553.815    -2.426     0.00    0.00
-243264.226    -2.426     0.00    0.00
-242974.648    -2.426     0.00    0.00
-242685.081    -2.426     0.00    0.00
-242395.524    -2.426     0.00    0.00
-242105.977    -2.426     0.00    0.00
-241816.441    -2.426     0.00    0.00
-241526.915    -2.426     0.00    0.00
-241237.400    -2.426     0.00    0.00
-240947.895    -2.426     0.00    0.00
-240658.400    -2.426     0.00    0.00
-240368.916    -2.426     0.00    0.00
-240079.443    -2.426     0.00    0.00
-239789.980    -2.426     0.00    0.00
-239500.527    -2.426     0.00    0.00
-239211.085    -2.426     0.00    0.00
-238921.653    -2.426     0.00    0.00
-238632.232    -2.426     0.00    0.00
-238342.821    -2.426     0.00    0.00
-238053.421    -2.426     0.00    0.00
-237764.030    -2.426     0.00    0.00
-237474.651    -2.426     0.00    0.00
-237185.282    -2.426     0.00    0.00
-236895.923    -2.426     0.00    0.00
-236606.574    -2.426     0.00    0.00
-236317.237    -2.426     0.00    0.00
-236027.909    -2.426     0.00    0.00
-235738.592    -2.426     0.00    0.00
-235449.285    -2.426     0.00    0.00
-235159.989    -2.426     0.00    0.00
-234870.703    -2.426     0.00    0.00
-234581.427    -2.426     0.00    0.00
-234292.162    -2.426     0.00    0.00
-234002.908    -2.426     0.00    0.00
-233713.663    -2.426     0.00    0.00
-233424.429    -2.426     0.00    0.00
-233135.206    -2.426     0.00    0.00
-232845.993    -2.426     0.00    0.00
-232556.790    -2.426     0.00    0.00
-232267.598    -2.426     0.00    0.00
-231978.416    -2.426     0.00    0.00
-231689.244    -2.426     0.00    0.00
-231400.083    -2.426     0.00    0.00
-231110.932    -2.426     0.00    0.00
-230821.791    -2.426     0.00    0.00
-230532.661    -2.426     0.00    0.00
-230243.542    -2.426     0.00    0.00
-229954.432    -2.426     0.00    0.00
-229665.333    -2.426     0.00    0.00
-229376.245    -2.426     0.00    0.00
-229087.167    -2.426     0.00    0.00
-228798.099    -2.426     0.00    0.00
-228509.041    -2.426     0.00    0.00
-228219.994    -2.426     0.00    0.00
-227930.957    -2.426     0.00    0.00
-227641.931    -2.426     0.00    0.00
-227352.915    -2.426     0.00    0.00
-227063.909    -2.426     0.00    0.00
-226774.913    -2.426     0.00    0.00
-226485.928    -2.426     0.00    0.00
-226196.954    -2.426     0.00    0.00
-225907.989    -2.426     0.00    0.00
-225619.035    -2.426     0.00    0.00
-225330.092    -2.426     0.00    0.00
-225041.158    -2.426     0.00    0.00
-224752.235    -2.426     0.00    0.00
-224463.322    -2.426     0.00    0.00
-224174.420    -2.426     0.00    0.00
-223885.528    -2.426     0.00    0.00
-223596.646    -2.426     0.00    0.00
-223307.775    -2.426     0.00    0.00
-223018.914    -2.426     0.00    0.00
-222730.063    -2.426     0.00    0.00
-222441.223    -2.426     0.00    0.00
-222152.393    -2.426     0.00    0.00
-221863.573    -2.426     0.00    0.00
-221574.763    -2.426     0.00    0.00
-221285.964    -2.426     0.00    0.00
-220997.175    -2.426     0.00    0.00
-220708.397    -2.426     0.00    0.00
-220419.628    -2.426     0.00    0.00
-220130.870    -2.426     0.00    0.00
-219842.123    -2.426     0.00    0.00
-219553.385    -2.426     0.00    0.00
-219264.658    -2.426     0.00    0.00
-218975.941    -2.426     0.00    0.00
-218687.235    -2.426     0.00    0.00
-218398.539    -2.426     0.00    0.00
-218109.853    -2.426     0.00    0.00
-217821.177    -2.426     0.00    0.00
-217532.512    -2.426     0.00    0.00
-217243.857    -2.426     0.00    0.00
-216955.212    -2.426     0.00    0.00
-216666.577    -2.426     0.00    0.00
-216377.953    -2.426     0.00    0.00
-216089.339    -2.426     0.00    0.00
-215800.735    -2.426     0.00    0.00
-215512.142    -2.426     0.00    0.00
-215223.559    -2.426     0.00    0.00
-214934.986    -2.426     0.00    0.00
-214646.423    -2.426     0.00    0.00
-214357.871    -2.426     0.00    0.00
-214069.329    -2.426     0.00    0.00
-213780.797    -2.426     0.00    0.00
-213492.275    -2.426     0.00    0.00
-213203.764    -2.426     0.00    0.00
-212915.263    -2.426     0.00    0.00
-212626.772    -2.426     0.00    0.00
-212338.291    -2.426     0.00    0.00
-212049.821    -2.426     0.00    0.00
-211761.361    -2.426     0.00    0.00
-211472.911    -2.426     0.00    0.00
-211184.471    -2.426     0.00    0.00
-210896.042    -2.426     0.00    0.00
-210607.623    -2.426     0.00    0.00
-210319.214    -2.426     0.00    0.00
-210030.815    -2.426     0.00    0.00
-209742.426    -2.426     0.00    0.00
-209454.048    -2.426     0.00    0.00
-209165.680    -2.426     0.00    0.00
-208877.322    -2.426     0.00    0.00
-208588.975    -2.426     0.00    0.00
-208300.637    -2.426     0.00    0.00
-208012.310    -2.426     0.00    0.00
-207723.993    -2.426     0.00    0.00
-207435.686    -2.426     0.00    0.00
-207147.390    -2.426     0.00    0.00
-206859.103    -2.426     0.00    0.00
-206570.827    -2.426     0.00    0.00
-206282.561    -2.426     0.00    0.00
-205994.306    -2.426     0.00    0.00
-205706.060    -2.426     0.00    0.00
-205417.825    -2.426     0.00    0.00
-205129.600    -2.426     0.00    0.00
-204841.385    -2.426     0.00    0.00
-204553.180    -2.426     0.00    0.00
-204264.985    -2.426     0.00    0.00
-203976.801    -2.426     0.00    0.00
-203688.627    -2.426     0.00    0.00
-203400.463    -2.426     0.00    0.00
-203112.309    -2.426     0.00    0.00
-202824.165    -2.426     0.00    0.00
-202536.032    -2.426     0.00    0.00
-202247.909    -2.426     0.00    0.00
-201959.796    -2.426     0.00    0.00
-201671.693    -2.426     0.00    0.00
-201383.600    -2.426     0.00    0.00
-201095.517    -2.426     0.00    0.00
-200807.445    -2.426     0.00    0.00
-200519.383    -2.426     0.00    0.00
-200231.330    -2.426     0.00    0.00
-199943.288    -2.426     0.00    0.00
-199655.257    -2.426     0.00    0.00
-199367.235    -2.426     0.00    0.00
-199079.224    -2.426     0.00    0.00
-198791.222    -2.426     0.00    0.00
-198503.231    -2.426     0.00    0.00
-198215.250    -2.426     0.00    0.00
-197927.279    -2.426     0.00    0.00
-197639.318    -2.426     0.00    0.00
-197351.368    -2.426     0.00    0.00
-197063.427    -2.426     0.00    0.00
-196775.497    -2.426     0.00    0.00
-196487.577    -2.426     0.00    0.00
-196199.667    -2.426     0.00    0.00
-195911.767    -2.426     0.00    0.00
-195623.877    -2.426     0.00    0.00
-195335.997    -2.426     0.00    0.00
-195048.128    -2.426     0.00    0.00
-194760.268    -2.426     0.00    0.00
-194472.419    -2.426     0.00    0.00
-194184.580    -2.426     0.00    0.00
-193896.751    -2.426     0.00    0.00
-193608.932    -2.426     0.00    0.00
-193318.949    -2.426     0.00    0.00
-193028.946    -2.426     0.00    0.00
-192738.953    -2.426     0.00    0.00
-192448.970    -2.426     0.00    0.00
-192158.997    -2.426     0.00    0.00
-191869.035    -2.426     0.00    0.00
-191579.084    -2.426     0.00    0.00
-191289.142    -2.426     0.00    0.00
-190999.211    -2.426     0.00    0.00
-190709.290    -2.426     0.00    0.00
-190419.379    -2.426     0.00    0.00
-190129.478    -2.426     0.00    0.00
-189839.588    -2.426     0.00    0.00
-189549.708    -2.426     0.00    0.00
-189259.839    -2.426     0.00    0.00
-188969.979    -2.426     0.00    0.00
-188680.130    -2.426     0.00    0.00
-188390.291    -2.426     0.00    0.00
-188100.462    -2.426     0.00    0.00
-187810.644    -2.426     0.00    0.00
-187520.836    -2.426     0.00    0.00
-187231.038    -2.426     0.00    0.00
-186941.250    -2.426     0.00    0.00
-186651.473    -2.426     0.00    0.00
-186361.706    -2.426     0.00    0.00
-186071.949    -2.426     0.00    0.00
-185782.202    -2.426     0.00    0.00
-185492.466    -2.426     0.00    0.00
-185202.739    -2.426     0.00    0.00
-184913.023    -2.426     0.00    0.00
-184623.318    -2.426     0.00    0.00
-184333.622    -2.426     0.00    0.00
-184043.937    -2.426     0.00    0.00
-183754.262    -2.426     0.00    0.00
-183464.597    -2.426     0.00    0.00
-183174.942    -2.426     0.00    0.00
-182885.298    -2.426     0.00    0.00
-182595.663    -2.426     0.00    0.00
-182306.039    -2.426     0.00    0.00
-182016.426    -2.426     0.00    0.00
-181726.822    -2.426     0.00    0.00
-181437.229    -2.426     0.00    0.00
-181147.645    -2.426     0.00    0.00
-180858.072    -2.426     0.00    0.00
-180568.510    -2.426     0.00    0.00
-180278.957    -2.426     0.00    0.00
-179989.415    -2.426     0.00    0.00
-179699.883    -2.426     0.00    0.00
-179410.361    -2.426     0.00    0.00
-179120.849    -2.426     0.00    0.00
-178831.347    -2.426     0.00    0.00
-178541.856    -2.426     0.00    0.00
-178252.375    -2.426     0.00    0.00
-177962.903    -2.426     0.00    0.00
-177673.443    -2.426     0.00    0.00
-177383.992    -2.426     0.00    0.00
-177094.551    -2.426     0.00    0.00
-176805.121    -2.426     0.00    0.00
-176515.701    -2.426     0.00    0.00
-176226.291    -2.426     0.00    0.00
-175936.891    -2.426     0.00    0.00
-175647.501    -2.426     0.00    0.00
-175358.122    -2.426     0.00    0.00
-175068.753    -2.426     0.00    0.00
-174779.393    -2.426     0.00    0.00
-174490.044    -2.426     0.00    0.00
-174200.705    -2.426     0.00    0.00
-173911.377    -2.426     0.00    0.00
-173622.058    -2.426     0.00    0.00
-173332.750    -2.426     0.00    0.00
-173043.452    -2.426     0.00    0.00
-172754.163    -2.426     0.00    0.00
-172464.885    -2.426     0.00    0.00
-172175.618    -2.426     0.00    0.00
-171886.360    -2.426     0.00    0.00
-171597.112    -2.426     0.00    0.00
-171307.875    -2.426     0.00    0.00
-171018.648    -2.426     0.00    0.00
-170729.431    -2.426     0.00    0.00
-170440.224    -2.426     0.00    0.00
-170151.027    -2.426     0.00    0.00
-169861.840    -2.426     0.00    0.00
-169572.663    -2.426     0.00    0.00
-169283.497    -2.426     0.00    0.00
-168994.340    -2.426     0.00    0.00
-168705.194    -2.426     0.00    0.00
-168416.058    -2.426     0.00    0.00
-168126.932    -2.426     0.00    0.00
-167837.816    -2.426     0.00    0.00
-167548.710    -2.426     0.00    0.00
-167259.615    -2.426     0.00    0.00
-166970.529    -2.426     0.00    0.00
-166681.453    -2.426     0.00    0.00
-166392.388    -2.426     0.00    0.00
-166103.333    -2.426     0.00    0.00
-165814.288    -2.426     0.00    0.00
-165525.252    -2.426     0.00    0.00
-165236.227    -2.426     0.00    0.00
-164947.213    -2.426     0.00    0.00
-164658.208    -2.426     0.00    0.00
-164369.213    -2.426     0.00    0.00
-164080.228    -2.426     0.00    0.00
-163791.254    -2.426     0.00    0.00
-163502.289    -2.426     0.00    0.00
-163213.335    -2.426     0.00    0.00
-162924.391    -2.426     0.00    0.00
-162635.456    -2.426     0.00    0.00
-162346.532    -2.426     0.00    0.00
-162057.618    -2.426     0.00    0.00
-161768.714    -2.426     0.00    0.00
-161479.820    -2.426     0.00    0.00
-161190.936    -2.426     0.00    0.00
-160902.062    -2.426     0.00    0.00
-160613.198    -2.426     0.00    0.00
-160324.345    -2.426     0.00    0.00
-160035.501    -2.426     0.00    0.00
-159746.668    -2.426     0.00    0.00
-159457.844    -2.426     0.00    0.00
-159169.030    -2.426     0.00    0.00
-158880.227    -2.426     0.00    0.00
-158591.434    -2.426     0.00    0.00
-158302.650    -2.426     0.00    0.00
-158013.877    -2.426     0.00    0.00
-157725.114    -2.426     0.00    0.00
-157436.361    -2.426     0.00    0.00
-157147.617    -2.426     0.00    0.00
-156858.884    -2.426     0.00    0.00
-156570.161    -2.426     0.00    0.00
-156281.448    -2.426     0.00    0.00
-155992.745    -2.426     0.00    0.00
-155704.052    -2.426     0.00    0.00
-155415.369    -2.426     0.00    0.00
-155126.696    -2.426     0.00    0.00
-154838.033    -2.426     0.00    0.00
-154549.380    -2.426     0.00    0.00
-154260.737    -2.426     0.00    0.00
-153972.104    -2.426     0.00    0.00
-153683.481    -2.426     0.00    0.00
-153394.869    -2.426     0.00    0.00
-153106.266    -2.426     0.00    0.00
-152817.673    -2.426     0.00    0.00
-152529.090    -2.426     0.00    0.00
-152240.517    -2.426     0.00    0.00
-151951.954    -2.426     0.00    0.00
-151663.401    -2.426     0.00    0.00
-151374.859    -2.426     0.00    0.00
-151086.326    -2.426     0.00    0.00
-150797.803    -2.426     0.00    0.00
-150509.290    -2.426     0.00    0.00
-150220.787    -2.426     0.00    0.00
-149932.294    -2.426     0.00    0.00
-149643.811    -2.426     0.00    0.00
-149355.339    -2.426     0.00    0.00
-149066.876    -2.426     0.00    0.00
-148778.423    -2.426     0.00    0.00
-148489.980    -2.426     0.00    0.00
-148201.547    -2.426     0.00    0.00
-147913.124    -2.426     0.00    0.00
-147624.711    -2.426     0.00    0.00
-147336.308    -2.426     0.00    0.00
-147047.915    -2.426     0.00    0.00
-146759.531    -2.426     0.00    0.00
-146471.158    -2.426     0.00    0.00
-146182.795    -2.426     0.00    0.00
-145894.442    -2.426     0.00    0.00
-145606.099    -2.426     0.00    0.00
-145317.765    -2.426     0.00    0.00
-145029.442    -2.426     0.00    0.00
-144741.128    -2.426     0.00    0.00
-144452.825    -2.426     0.00    0.00
-144164.531    -2.426     0.00    0.00
-143876.248    -2.426     0.00    0.00
-143587.974    -2.426     0.00    0.00
-143299.711    -2.426     0.00    0.00
-143011.457    -2.426     0.00    0.00
-142723.213    -2.426     0.00    0.00
-142434.979    -2.426     0.00    0.00
-142146.755    -2.426     0.00    0.00
-141858.541    -2.426     0.00    0.00
-141570.337    -2.426     0.00    0.00
-141282.143    -2.426     0.00    0.00
-140993.959    -2.426     0.00    0.00
-140705.784    -2.426     0.00    0.00
-140417.620    -2.426     0.00    0.00
-140129.466    -2.426     0.00    0.00
-139841.321    -2.426     0.00    0.00
-139553.187    -2.426     0.00    0.00
-139265.062    -2.426     0.00    0.00
-138976.947    -2.426     0.00    0.00
-138688.842    -2.426     0.00    0.00
-138400.747    -2.426     0.00    0.00
-138112.662    -2.426     0.00    0.00
-137824.587    -2.426     0.00    0.00
-137536.522    -2.426     0.00    0.00
-137248.466    -2.426     0.00    0.00
-136960.421    -2.426     0.00    0.00
-136672.385    -2.426     0.00    0.00
-136384.360    -2.426     0.00    0.00
-136096.344    -2.426     0.00    0.00
-135808.338    -2.426     0.00    0.00
-135520.342    -2.426     0.00    0.00
-135232.356    -2.426     0.00    0.00
-134944.380    -2.426     0.00    0.00
-134656.414    -2.426     0.00    0.00
-134368.457    -2.426     0.00    0.00
-134080.511    -2.426     0.00    0.00
-133792.574    -2.426     0.00    0.00
-133504.647    -2.426     0.00    0.00
-133216.730    -2.426     0.00    0.00
-132928.823    -2.426     0.00    0.00
-132640.926    -2.426     0.00    0.00
-132353.039    -2.426     0.00    0.00
-132065.161    -2.426     0.00    0.00
-131777.294    -2.426     0.00    0.00
-131489.436    -2.426     0.00    0.00
-131200.156    -2.426     0.00    0.00
-130910.166    -2.426     0.00    0.00
-130620.187    -2.426     0.00    0.00
-130330.218    -2.426     0.00    0.00
-130040.259    -2.426     0.00    0.00
-129750.310    -2.426     0.00    0.00
-129460.371    -2.426     0.00    0.00
-129170.442    -2.426     0.00    0.00
-128880.523    -2.426     0.00    0.00
-128590.614    -2.426     0.00    0.00
-128300.715    -2.426     0.00    0.00
-128010.826    -2.426     0.00    0.00
-127720.947    -2.426     0.00    0.00
-127431.078    -2.426     0.00    0.00
-127141.219    -2.426     0.00    0.00
-126851.370    -2.426     0.00    0.00
-126561.531    -2.426     0.00    0.00
-126271.702    -2.426     0.00    0.00
-125981.883    -2.426     0.00    0.00
-125692.074    -2.426     0.00    0.00
-125402.275    -2.426     0.00    0.00
-125112.486    -2.426     0.00    0.00
-124822.707    -2.426     0.00    0.00
-124532.938    -2.426     0.00    0.00
-124243.178    -2.426     0.00    0.00
-123953.429    -2.426     0.00    0.00
-123663.690    -2.426     0.00    0.00
-123373.961    -2.426     0.00    0.00
-123084.242    -2.426     0.00    0.00
-122794.533    -2.426     0.00    0.00
-122504.833    -2.426     0.00    0.00
-122215.144    -2.426     0.00    0.00
-121925.465    -2.426     0.00    0.00
-121635.795    -2.426     0.00    0.00
-121346.136    -2.426     0.00    0.00
-121056.487    -2.426     0.00    0.00
-120766.847    -2.426     0.00    0.00
-120477.217    -2.426     0.00    0.00
-120187.598    -2.426     0.00    0.00
-119897.988    -2.426     0.00    0.00
-119608.389    -2.426     0.00    0.00
-119318.799    -2.426     0.00    0.00
-119029.219    -2.426     0.00    0.00
-118739.649    -2.426     0.00    0.00
-118450.089    -2.426     0.00    0.00
-118160.539    -2.426     0.00    0.00
-117870.999    -2.426     0.00    0.00
-117581.469    -2.426     0.00    0.00
-117291.949    -2.426     0.00    0.00
-117002.439    -2.426     0.00    0.00
-116712.939    -2.426     0.00    0.00
-116423.448    -2.426     0.00    0.00
-116133.968    -2.426     0.00    0.00
-115844.497    -2.426     0.00    0.00
-115555.037    -2.426     0.00    0.00
-115265.586    -2.426     0.00    0.00
-114976.145    -2.426     0.00    0.00
-114686.714    -2.426     0.00    0.00
-114397.293    -2.426     0.00    0.00
-114107.882    -2.426     0.00    0.00
-113818.481    -2.426     0.00    0.00
-113529.090    -2.426     0.00    0.00
-113239.709    -2.426     0.00    0.00
-112950.337    -2.426     0.00    0.00
-112660.976    -2.426     0.00    0.00
-112371.624    -2.426     0.00    0.00
-112082.283    -2.426     0.00    0.00
-111792.951    -2.426     0.00    0.00
-111503.629    -2.426     0.00    0.00
-111214.317    -2.426     0.00    0.00
-110925.015    -2.426     0.00    0.00
-110635.722    -2.426     0.00    0.00
-110346.440    -2.426     0.00    0.00
-110057.168    -2.426     0.00    0.00
-109767.905    -2.426     0.00    0.00
-109478.652    -2.426     0.00    0.00
-109189.409    -2.426     0.00    0.00
-108900.177    -2.426     0.00    0.00
-108610.953    -2.426     0.00    0.00
-108321.740    -2.426     0.00    0.00
-108032.537    -2.426     0.00    0.00
-107743.343    -2.426     0.00    0.00
-107454.160    -2.426     0.00    0.00
-107164.986    -2.426     0.00    0.00
-106875.822    -2.426     0.00    0.00
-106586.668    -2.426     0.00    0.00
-106297.524    -2.426     0.00    0.00
-106008.390    -2.426     0.00    0.00
-105719.265    -2.426     0.00    0.00
-105430.151    -2.426     0.00    0.00
-105141.046    -2.426     0.00    0.00
-104851.951    -2.426     0.00    0.00
-104562.866    -2.426     0.00    0.00
-104273.791    -2.426     0.00    0.00
-103984.725    -2.426     0.00    0.00
-103695.670    -2.426     0.00    0.00
-103406.624    -2.426     0.00    0.00
-103117.588    -2.426     0.00    0.00
-102828.562    -2.426     0.00    0.00
-102539.546    -2.426     0.00    0.00
-102250.539    -2.426     0.00    0.00
-101961.543    -2.426     0.00    0.00
-101672.556    -2.426     0.00    0.00
-101383.579    -2.426     0.00    0.00
-101094.612    -2.426     0.00    0.00
-100805.655    -2.426     0.00    0.00
-100516.708    -2.426     0.00    0.00
-100227.770    -2.426     0.00    0.00
 -99938.842    -2.426     0.00    0.00
 -99649.924    -2.426     0.00    0.00
 -99361.016    -2.426     0.00    0.00
 -99072.118    -2.426     0.00    0.00
 -98783.229    -2.426     0.00    0.00
 -98494.350    -2.426     0.00    0.00
 -98205.481    -2.426     0.00    0.00
 -97916.622    -2.426     0.00    0.00
 -97627.773    -2.426     0.00    0.00
 -97338.933    -2.426     0.00    0.00
 -97050.104    -2.426     0.00    0.00
 -96761.284    -2.426     0.00    0.00
 -96472.473    -2.426     0.00    0.00
 -96183.673    -2.426     0.00    0.00
 -95894.882    -2.426     0.00    0.00
 -95606.102    -2.426     0.00    0.00
 -95317.331    -2.426     0.00    0.00
 -95028.569    -2.426     0.00    0.00
 -94739.818    -2.426     0.00    0.00
 -94451.076    -2.426     0.00    0.00
 -94162.344    -2.426     0.00    0.00
 -93873.622    -2.426     0.00    0.00
 -93584.910    -2.426     0.00    0.00
 -93296.207    -2.426     0.00    0.00
 -93007.514    -2.426     0.00    0.00
 -92718.831    -2.426     0.00    0.00
 -92430.158    -2.426     0.00    0.00
 -92141.494    -2.426     0.00    0.00
 -91852.841    -2.426     0.00    0.00
 -91564.196    -2.426     0.00    0.00
 -91275.562    -2.426     0.00    0.00
 -90986.938    -2.426     0.00    0.00
 -90698.323    -2.426     0.00    0.00
 -90409.718    -2.426     0.00    0.00
 -90121.123    -2.426     0.00    0.00
 -89832.537    -2.426     0.00    0.00
 -89543.961    -2.426     0.00    0.00
 -89255.395    -2.426     0.00    0.00
 -88966.839    -2.426     0.00    0.00
 -88678.292    -2.426     0.00    0.00
 -88389.756    -2.426     0.00    0.00
 -88101.229    -2.426     0.00    0.00
 -87812.711    -2.426     0.00    0.00
 -87524.204    -2.426     0.00    0.00
 -87235.706    -2.426     0.00    0.00
 -86947.217    -2.426     0.00    0.00
 -86658.739    -2.426     0.00    0.00
 -86370.270    -2.426     0.00    0.00
 -86081.811    -2.426     0.00    0.00
 -85793.362    -2.426     0.00    0.00
 -85504.922    -2.426     0.00    0.00
 -85216.493    -2.426     0.00    0.00
 -84928.072    -2.426     0.00    0.00
 -84639.662    -2.426     0.00    0.00
 -84351.261    -2.426     0.00    0.00
 -84062.870    -2.426     0.00    0.00
 -83774.489    -2.426     0.00    0.00
 -83486.117    -2.426     0.00    0.00
 -83197.756    -2.426     0.00    0.00
 -82909.403    -2.426     0.00    0.00
 -82621.061    -2.426     0.00    0.00
 -82332.728    -2.426     0.00    0.00
 -82044.405    -2.426     0.00    0.00
 -81756.091    -2.426     0.00    0.00
 -81467.788    -2.426     0.00    0.00
 -81179.494    -2.426     0.00    0.00
 -80891.209    -2.426     0.00    0.00
 -80602.935    -2.426     0.00    0.00
 -80314.670    -2.426     0.00    0.00
 -80026.414    -2.426     0.00    0.00
 -79738.169    -2.426     0.00    0.00
 -79449.933    -2.426     0.00    0.00
 -79161.706    -2.426     0.00    0.00
 -78873.490    -2.426     0.00    0.00
 -78585.283    -2.426     0.00    0.00
 -78297.086    -2.426     0.00    0.00
 -78008.898    -2.426     0.00    0.00
 -77720.720    -2.426     0.00    0.00
 -77432.552    -2.426     0.00    0.00
 -77144.393    -2.426     0.00    0.00
 -76856.244    -2.426     0.00    0.00
 -76568.105    -2.426     0.00    0.00
 -76279.975    -2.426     0.00    0.00
 -75991.855    -2.426     0.00    0.00
 -75703.745    -2.426     0.00    0.00
 -75415.644    -2.426     0.00    0.00
 -75127.553    -2.426     0.00    0.00
 -74839.472    -2.426     0.00    0.00
 -74551.400    -2.426     0.00    0.00
 -74263.338    -2.426     0.00    0.00
 -73975.285    -2.426     0.00    0.00
 -73687.243    -2.426     0.00    0.00
 -73399.209    -2.426     0.00    0.00
 -73111.186    -2.426     0.00    0.00
 -72823.172    -2.426     0.00    0.00
 -72535.168    -2.426     0.00    0.00
 -72247.173    -2.426     0.00    0.00
 -71959.188    -2.426     0.00    0.00
 -71671.212    -2.426     0.00    0.00
 -71383.247    -2.426     0.00    0.00
 -71095.290    -2.426     0.00    0.00
 -70807.344    -2.426     0.00    0.00
 -70519.407    -2.426     0.00    0.00
 -70231.480    -2.426     0.00    0.00
 -69943.562    -2.426     0.00    0.00
 -69655.654    -2.426     0.00    0.00
 -69367.755    -2.426     0.00    0.00
 -69079.128    -2.426     0.00    0.00
 -68789.156    -2.426     0.00    0.00
 -68499.193    -2.426     0.00    0.00
 -68209.240    -2.426     0.00    0.00
 -67919.296    -2.426     0.00    0.00
 -67629.363    -2.426     0.00    0.00
 -67339.439    -2.426     0.00    0.00
 -67049.525    -2.426     0.00    0.00
 -66759.621    -2.426     0.00    0.00
 -66469.726    -2.426     0.00    0.00
 -66179.841    -2.426     0.00    0.00
 -65889.966    -2.426     0.00    0.00
 -65600.101    -2.426     0.00    0.00
 -65310.245    -2.426     0.00    0.00
 -65020.399    -2.426     0.00    0.00
 -64730.563    -2.426     0.00    0.00
 -64440.737    -2.426     0.00    0.00
 -64150.920    -2.426     0.00    0.00
 -63861.113    -2.426     0.00    0.00
 -63571.316    -2.426     0.00    0.00
 -63281.528    -2.426     0.00    0.00
 -62991.750    -2.426     0.00    0.00
 -62701.982    -2.426     0.00    0.00
 -62412.224    -2.426     0.00    0.00
 -62122.475    -2.426     0.00    0.00
 -61832.737    -2.426     0.00    0.00
 -61543.007    -2.426     0.00    0.00
 -61253.288    -2.426     0.00    0.00
 -60963.578    -2.426     0.00    0.00
 -60673.878    -2.426     0.00    0.00
 -60384.188    -2.426     0.00    0.00
 -60094.507    -2.426     0.00    0.00
 -59804.836    -2.426     0.00    0.00
 -59515.175    -2.426     0.00    0.00
 -59225.523    -2.426     0.00    0.00
 -58935.882    -2.426     0.00    0.00
 -58646.250    -2.426     0.00    0.00
 -58356.627    -2.426     0.00    0.00
 -58067.014    -2.426     0.00    0.00
 -57777.411    -2.426     0.00    0.00
 -57487.818    -2.426     0.00    0.00
 -57198.234    -2.426     0.00    0.00
 -56908.660    -2.426     0.00    0.00
 -56619.096    -2.426     0.00    0.00
 -56329.541    -2.426     0.00    0.00
 -56039.996    -2.426     0.00    0.00
 -55750.461    -2.426     0.00    0.00
 -55460.935    -2.426     0.00    0.00
 -55171.420    -2.426     0.00    0.00
 -54881.913    -2.426     0.00    0.00
 -54592.417    -2.426     0.00    0.00
 -54302.930    -2.426     0.00    0.00
 -54013.452    -2.426     0.00    0.00
 -53723.985    -2.426     0.00    0.00
 -53434.527    -2.426     0.00    0.00
 -53145.079    -2.426     0.00    0.00
 -52855.640    -2.426     0.00    0.00
 -52566.211    -2.426     0.00    0.00
 -52276.792    -2.426     0.00    0.00
 -51987.382    -2.426     0.00    0.00
 -51697.982    -2.426     0.00    0.00
 -51408.592    -2.426     0.00    0.00
 -51119.211    -2.426     0.00    0.00
 -50829.840    -2.426     0.00    0.00
 -50540.478    -2.426     0.00    0.00
 -50251.127    -2.426     0.00    0.00
 -49961.784    -2.426     0.00    0.00
 -49672.452    -2.426     0.00    0.00
 -49383.129    -2.426     0.00    0.00
 -49093.816    -2.426     0.00    0.00
 -48804.512    -2.426     0.00    0.00
 -48515.218    -2.426     0.00    0.00
 -48225.934    -2.426     0.00    0.00
 -47936.659    -2.426     0.00    0.00
 -47647.394    -2.426     0.00    0.00
 -47358.138    -2.426     0.00    0.00
 -47068.892    -2.426     0.00    0.00
 -46779.656    -2.426     0.00    0.00
 -46490.429    -2.426     0.00    0.00
 -46201.212    -2.426     0.00    0.00
 -45912.005    -2.426     0.00    0.00
 -45622.807    -2.426     0.00    0.00
 -45333.619    -2.426     0.00    0.00
 -45044.440    -2.426     0.00    0.00
 -44755.271    -2.426     0.00    0.00
 -44466.112    -2.426     0.00    0.00
 -44176.962    -2.426     0.00    0.00
 -43887.822    -2.426     0.00    0.00
 -43598.691    -2.426     0.00    0.00
 -43309.570    -2.426     0.00    0.00
 -43020.458    -2.426     0.00    0.00
 -42731.357    -2.426     0.00    0.00
 -42442.264    -2.426     0.00    0.00
 -42153.182    -2.426     0.00    0.00
 -41864.108    -2.426     0.00    0.00
 -41575.045    -2.426     0.00    0.00
 -41285.991    -2.426     0.00    0.00
 -40996.947    -2.426     0.00    0.00
 -40707.912    -2.426     0.00    0.00
 -40418.887    -2.426     0.00    0.00
 -40129.871    -2.426     0.00    0.00
 -39840.865    -2.426     0.00    0.00
 -39551.868    -2.426     0.00    0.00
 -39262.881    -2.426     0.00    0.00
 -38973.904    -2.426     0.00    0.00
 -38684.936    -2.426     0.00    0.00
 -38395.978    -2.426     0.00    0.00
 -38107.029    -2.426     0.00    0.00
 -37818.090    -2.426     0.00    0.00
 -37529.160    -2.426     0.00    0.00
 -37240.240    -2.426     0.00    0.00
 -36951.330    -2.426     0.00    0.00
 -36662.429    -2.426     0.00    0.00
 -36373.537    -2.426     0.00    0.00
 -36084.656    -2.345     0.28    0.64
 -35795.783    -2.276     0.24    0.82
 -35506.921    -2.032     0.84    1.48
 -35218.067    -1.974     0.20    1.49
 -34929.224    -1.893     0.28    1.60
 -34640.389    -1.848     0.16    1.63
 -34351.565    -1.188     2.29    3.15
 -34062.750    -0.376     2.81    4.30
 -33773.944     1.059     4.97    5.37
 -33485.148     2.429     4.75    5.60
 -33196.362     3.429     3.46    5.30
 -32907.585     4.246     2.83    4.90
 -32618.817     5.082     2.90    3.94
 -32330.059     5.641     1.93    2.95
 -32041.311     5.574    -0.23    2.40
 -31752.572     5.289    -0.99    2.31
 -31463.842     5.574     0.99    2.29
 -31175.122     6.137     1.95    2.03
 -30886.412     6.397     0.90    2.07
 -30597.711     6.525     0.44    2.26
 -30309.020     6.524    -0.00    2.87
 -30020.338     6.752     0.79    3.32
 -29731.666     6.606    -0.50    3.58
 -29443.003     6.511    -0.33    3.70
 -29154.349     6.336    -0.60    3.75
 -28865.705     6.608     0.94    3.90
 -28577.071     6.524    -0.29    3.82
 -28288.446     6.312    -0.74    3.73
 -27999.831     5.680    -2.19    3.91
 -27711.225     5.184    -1.72    4.01
 -27422.628     4.529    -2.27    3.94
 -27134.042     3.279    -4.33    3.14
 -26845.464     2.541    -2.56    2.76
 -26556.896     2.252    -1.00    2.39
 -26268.338     2.174    -0.27    2.22
 -25979.789     2.273     0.34    1.94
 -25691.249     2.190    -0.29    1.81
 -25402.719     2.082    -0.37    1.70
 -25114.198     2.224     0.49    1.52
 -24825.687     2.296     0.25    1.66
 -24537.186     2.356     0.21    1.91
 -24248.693     2.590     0.81    2.30
 -23960.211     2.871     0.97    2.56
 -23671.737     3.155     0.98    2.59
 -23383.274     3.478     1.12    2.70
 -23094.819     4.058     2.01    2.61
 -22806.374     4.241     0.63    2.46
 -22517.939     4.320     0.28    2.15
 -22229.513     4.225    -0.33    1.82
 -21941.096     4.304     0.28    1.85
 -21652.689     4.308     0.01    1.77
 -21364.292     4.408     0.35    1.89
 -21075.904     4.224    -0.64    2.09
 -20787.525     3.651    -1.99    2.37
 -20499.156     3.384    -0.93    2.66
 -20210.796     2.944    -1.53    2.70
 -19922.445     2.525    -1.45    2.59
 -19634.104     1.858    -2.31    2.16
 -19345.773     1.656    -0.70    1.85
 -19057.451     1.713     0.20    1.89
 -18769.138     1.684    -0.10    1.84
 -18480.835     1.913     0.79    2.00
 -18192.541     1.727    -0.64    2.02
 -17904.256     1.774     0.16    2.14
 -17615.981     1.724    -0.17    2.11
 -17327.716     1.654    -0.25    2.22
 -17039.460     1.574    -0.28    2.13
 -16751.213     1.320    -0.88    2.06
 -16462.976     0.994    -1.13    1.92
 -16174.748     1.155     0.56    2.10
 -15886.529     1.123    -0.11    2.38
 -15598.320     1.252     0.45    2.47
 -15310.120     1.434     0.63    2.52
 -15021.930     1.812     1.31    2.74
 -14733.749     1.965     0.53    2.78
 -14445.578     1.837    -0.45    2.51
 -14157.416     1.791    -0.16    2.41
 -13869.263     1.869     0.27    2.11
 -13581.120     1.759    -0.38    2.03
 -13292.986     1.607    -0.53    2.05
 -13004.861     1.267    -1.18    1.94
 -12716.746     1.300     0.12    1.92
 -12428.640     1.141    -0.55    2.00
 -12140.544     0.886    -0.89    1.73
 -11852.457     0.832    -0.19    1.78
 -11564.380     0.606    -0.78    1.68
 -11276.311     0.374    -0.80    1.36
 -10988.253     0.358    -0.06    1.42
 -10700.203     0.541     0.64    1.52
 -10412.163     0.658     0.41    1.80
 -10124.132     0.654    -0.01    2.16
  -9836.111     0.765     0.39    2.29
  -9548.099     1.114     1.21    2.35
  -9260.097     1.365     0.87    2.31
  -8972.103     1.378     0.04    2.18
  -8684.120     1.607     0.80    2.18
  -8396.145     2.171     1.96    2.46
  -8108.180     2.371     0.69    2.43
  -7820.224     2.987     2.14    2.59
  -7532.278     3.231     0.85    2.79
  -7244.341     3.345     0.40    2.45
  -6956.327     3.524     0.62    2.83
  -6666.371     3.279    -0.85    2.99
  -6376.424     2.974    -1.05    2.99
  -6086.487     2.445    -1.82    2.71
  -5796.559     2.162    -0.98    2.37
  -5506.641     1.929    -0.80    2.33
  -5216.732     1.458    -1.63    2.20
  -4926.833     1.214    -0.84    1.74
  -4636.943     1.144    -0.24    1.59
  -4347.063     1.171     0.10    1.58
  -4057.192     1.043    -0.44    1.64
  -3767.331     1.008    -0.12    1.65
  -3477.479     1.291     0.98    1.58
  -3187.637     1.413     0.42    1.58
  -2897.804     1.479     0.23    1.46
  -2607.981     1.416    -0.22    1.55
  -2318.167     1.413    -0.01    1.56
  -2028.363     1.768     1.22    1.64
  -1738.568     1.886     0.41    1.58
  -1448.782     1.881    -0.02    1.66
  -1159.006     1.638    -0.84    1.80
   -869.240     1.371    -0.92    1.84
   -579.482     1.017    -1.22    1.81
   -289.735     0.824    -0.66    1.65
      0.003     0.869     0.16    1.70
    289.732     1.042     0.60    1.72
    579.451     1.361     1.10    1.76
    869.161     1.715     1.22    1.57
   1158.861     1.923     0.72    1.47
   1448.552     2.191     0.92    1.53
   1738.234     1.968    -0.77    1.52
   2027.906     1.978     0.03    1.48
   2317.568     2.042     0.22    1.47
   2607.222     1.824    -0.75    1.56
   2896.865     1.848     0.08    1.63
   3186.500     1.508    -1.18    1.46
   3476.124     1.224    -0.98    1.46
   3765.740     1.035    -0.65    1.50
   4055.346     0.860    -0.60    1.54
   4344.942     0.781    -0.27    1.53
   4634.529     0.574    -0.71    1.49
   4924.107     0.492    -0.28    1.42
   5213.675     0.391    -0.35    1.56
   5503.234     0.316    -0.26    1.65
   5792.784     0.293    -0.08    1.64
   6082.324     0.187    -0.37    1.61
   6371.854     0.381     0.67    1.65
   6661.376     0.623     0.84    1.74
   6950.887     0.641     0.06    1.69
   7240.390     1.107     1.61    1.94
   7529.883     1.496     1.35    2.16
   7819.366     1.891     1.36    2.30
   8108.840     2.010     0.41    2.24
   8398.305     2.300     1.00    2.29
   8687.760     2.574     0.95    2.20
   8977.206     2.984     1.42    2.12
   9266.643     3.074     0.31    1.97
   9556.070     3.336     0.90    1.97
   9845.488     3.463     0.44    2.02
  10134.896     3.691     0.79    2.04
  10424.295     3.881     0.66    2.21
  10713.685     3.913     0.11    2.24
  11003.065     3.717    -0.68    2.16
  11292.436     3.765     0.16    2.26
  11581.797     3.865     0.35    2.26
  11871.150     3.908     0.15    2.27
  12160.492     3.758    -0.52    2.23
  12449.826     3.668    -0.31    2.20
  12739.150     3.494    -0.60    1.99
  13028.464     3.405    -0.31    1.96
  13317.769     3.066    -1.17    2.17
  13607.065     3.024    -0.14    2.13
  13896.352     2.812    -0.73    2.05
  14185.629     2.558    -0.88    2.07
  14474.897     1.869    -2.38    1.86
  14764.155     1.606    -0.91    1.94
  15053.404     1.640     0.12    2.18
  15342.644     2.108     1.62    2.59
  15631.874     2.460     1.22    2.82
  15921.095     3.146     2.37    2.84
  16210.307     3.685     1.87    2.93
  16499.509     4.137     1.56    2.75
  16788.702     4.429     1.01    2.77
  17077.886     4.413    -0.06    2.81
  17367.060     4.558     0.50    2.76
  17656.225     4.130    -1.48    2.70
  17945.380     3.955    -0.60    2.70
  18234.527     4.066     0.38    2.58
  18523.664     4.162     0.33    2.52
  18812.791     3.908    -0.88    2.36
  19101.909     3.558    -1.21    2.39
  19391.018     3.214    -1.19    2.57
  19680.118     2.897    -1.09    2.60
  19969.208     2.816    -0.28    2.50
  20258.289     2.479    -1.17    2.18
  20547.361     2.090    -1.35    1.95
  20836.423     2.108     0.06    1.91
  21125.476     2.257     0.52    1.79
  21414.520     2.544     0.99    1.94
  21703.554     2.749     0.71    1.94
  21992.579     3.043     1.02    1.95
  22281.595     3.191     0.51    1.97
  22570.601     3.291     0.35    1.81
  22859.598     3.429     0.48    1.87
  23148.586     3.495     0.23    1.77
  23437.565     3.543     0.16    1.86
  23726.534     3.800     0.89    1.67
  24015.494     4.066     0.92    1.78
  24304.444     4.041    -0.09    1.93
  24593.386     3.797    -0.85    2.03
  24882.318     3.348    -1.55    2.00
  25171.240     3.098    -0.87    1.97
  25460.154     2.984    -0.39    1.90
  25749.058     2.841    -0.50    1.83
  26037.953     2.929     0.31    1.81
  26326.839     2.853    -0.26    1.57
  26615.715     2.908     0.19    1.74
  26904.582     2.928     0.07    1.87
  27193.440     2.691    -0.82    2.02
  27482.288     2.341    -1.21    1.92
  27771.127     2.171    -0.59    1.96
  28059.957     1.991    -0.62    1.98
  28348.778     1.820    -0.59    1.84
  28637.589     1.765    -0.19    1.90
  28926.391     1.800     0.12    1.81
  29215.184     1.955     0.54    1.63
  29503.968     2.252     1.03    1.40
  29792.742     2.230    -0.08    1.45
  30081.507     1.848    -1.32    1.43
  30370.263     1.908     0.20    1.64
  30659.010     1.908     0.00    1.61
  30947.747     1.961     0.19    1.63
  31236.475     1.991     0.10    1.66
  31525.194     2.191     0.69    1.78
  31813.903     2.590     1.38    1.86
  32102.604     2.797     0.72    1.93
  32391.295     3.113     1.10    1.89
  32679.977     3.177     0.22    1.95
  32968.649     3.258     0.28    1.99
  33257.312     3.371     0.39    1.84
  33545.967     3.107    -0.92    1.76
  33834.611     2.738    -1.28    1.79
  34123.247     2.313    -1.47    1.74
  34411.874     2.246    -0.23    1.67
  34700.491     2.191    -0.19    1.66
  34989.099     2.279     0.31    1.68
  35277.697     2.332     0.18    1.59
  35566.287     2.606     0.95    1.67
  35854.867     2.717     0.39    1.74
  36143.438     3.155     1.52    1.77
  36432.000     3.328     0.60    1.68
  36720.553     3.358     0.10    1.72
  37009.096     3.558     0.69    1.86
  37297.630     3.543    -0.05    1.98
  37586.155     3.268    -0.95    1.96
  37874.671     3.152    -0.40    1.89
  38163.178     2.902    -0.87    1.80
  38451.675     2.574    -1.14    1.66
  38740.163     2.607     0.11    1.58
  39028.642     2.544    -0.22    1.73
  39317.112     2.284    -0.90    1.60
  39605.573     2.513     0.79    1.70
  39894.024     2.474    -0.13    1.64
  40182.466     2.641     0.58    1.56
  40470.899     2.710     0.24    1.75
  40759.323     2.824     0.40    1.69
  41047.738     2.971     0.51    1.69
  41336.143     2.876    -0.33    1.77
  41624.539     2.984     0.38    1.94
  41912.926     3.091     0.37    1.92
  42201.304     3.246     0.54    1.80
  42489.673     3.478     0.80    1.89
  42778.032     3.481     0.01    1.81
  43066.383     3.447    -0.12    1.86
  43354.724     3.511     0.22    1.75
  43643.056     3.197    -1.09    1.64
  43931.379     3.324     0.44    1.75
  44219.692     3.492     0.58    1.93
  44507.997     3.701     0.72    1.91
  44796.292     3.991     1.00    1.98
  45084.578     4.236     0.85    2.02
  45372.856     4.246     0.04    2.06
  45661.123     4.324     0.27    2.05
  45949.382     4.640     1.09    1.80
  46237.632     4.636    -0.01    1.95
  46525.872     4.639     0.01    2.06
  46814.103     4.309    -1.15    2.18
  47102.325     4.008    -1.04    2.29
  47390.538     3.524    -1.68    2.20
  47678.742     3.348    -0.61    2.26
  47966.937     2.828    -1.81    2.26
  48255.122     2.701    -0.44    2.26
  48543.299     2.381    -1.11    2.16
  48831.466     2.332    -0.17    2.12
  49119.624     2.263    -0.24    2.17
  49407.773     2.146    -0.41    2.10
  49695.913     2.478     1.15    2.07
  49984.044     2.431    -0.16    2.11
  50272.165     2.263    -0.59    2.16
  50560.278     2.474     0.73    2.05
  50848.381     2.558     0.29    2.10
  51136.475     2.524    -0.12    2.05
  51424.560     2.558     0.12    2.00
  51712.636     2.465    -0.32    1.87
  52000.703     2.408    -0.20    1.81
  52288.761     2.558     0.52    1.69
  52576.810     2.525    -0.11    1.61
  52864.849     2.358    -0.58    1.44
  53152.879     2.381     0.08    1.79
  53440.901     2.356    -0.09    1.84
  53728.913     2.289    -0.23    1.87
  54016.916     2.400     0.39    1.95
  54304.910     2.460     0.21    1.98
  54592.895     2.591     0.46    2.09
  54880.871     2.574    -0.06    2.03
  55168.837     2.463    -0.39    2.04
  55458.254     2.293    -0.59    1.96
  55748.184     2.197    -0.33    1.76
  56038.105     2.374     0.61    1.75
  56328.017     2.132    -0.84    1.79
  56617.920     2.026    -0.36    1.81
  56907.813     2.041     0.05    1.81
  57197.697     1.828    -0.73    1.96
  57487.572     1.752    -0.26    2.04
  57777.438     1.708    -0.15    2.08
  58067.294     1.722     0.05    2.04
  58357.142     1.768     0.16    1.93
  58646.980     1.784     0.06    1.83
  58936.808     1.793     0.03    1.93
  59226.628     2.010     0.75    1.80
  59516.439     1.908    -0.35    1.83
  59806.240     1.837    -0.25    1.76
  60096.032     1.816    -0.07    1.42
  60385.815     1.844     0.10    1.54
  60675.588     1.828    -0.05    1.65
  60965.353     1.865     0.13    1.65
  61255.108     1.951     0.30    1.62
  61544.854     1.974     0.08    1.66
  61834.591     2.148     0.60    1.77
  62124.318     2.082    -0.23    1.70
  62414.037     2.258     0.61    1.64
  62703.746     1.951    -1.06    1.63
  62993.446     1.762    -0.65    1.75
  63283.137     1.791     0.10    1.73
  63572.818     1.722    -0.24    1.57
  63862.491     1.558    -0.56    1.50
  64152.154     1.491    -0.23    1.52
  64441.808     1.397    -0.32    1.57
  64731.453     1.492     0.33    1.53
  65021.089     1.492     0.00    1.45
  65310.716     1.445    -0.16    1.42
  65600.333     1.402    -0.15    1.60
  65889.941     1.177    -0.78    1.60
  66179.541     1.316     0.48    1.62
  66469.130     1.008    -1.07    1.56
  66758.711     0.974    -0.12    1.46
  67048.283     0.955    -0.07    1.47
  67337.845     0.844    -0.38    1.43
  67627.399     0.636    -0.72    1.40
  67916.943     0.591    -0.15    1.36
  68206.478     0.491    -0.35    1.31
  68496.003     0.476    -0.05    1.42
  68785.520     0.605     0.45    1.44
  69075.028     0.768     0.56    1.55
  69364.526     0.759    -0.03    1.62
  69654.015     0.998     0.83    1.64
  69943.495     1.091     0.32    1.74
  70232.966     1.241     0.52    1.69
  70522.428     1.187    -0.19    1.65
  70811.881     1.257     0.24    1.66
  71101.324     1.019    -0.82    1.82
  71390.759     0.951    -0.23    1.61
  71680.184     1.108     0.54    1.58
  71969.600     1.230     0.42    1.53
  72259.007     1.187    -0.15    1.40
  72548.405     1.209     0.08    1.41
  72837.794     1.284     0.26    1.48
  73127.173     1.494     0.72    1.33
  73416.544     1.639     0.50    1.28
  73705.905     1.658     0.07    1.33
  73995.258     1.705     0.17    1.36
  74284.601     1.774     0.24    1.24
  74573.935     1.724    -0.17    1.20
  74863.260     1.705    -0.07    1.30
  75152.576     1.719     0.05    1.30
  75441.882     1.974     0.88    1.64
  75731.180     2.279     1.05    1.74
  76020.468     2.416     0.47    1.81
  76309.748     2.590     0.60    1.81
  76599.018     2.525    -0.23    1.64
  76888.279     2.456    -0.24    1.66
  77177.531     2.542     0.30    1.46
  77466.775     2.607     0.22    1.27
  77756.008     2.542    -0.22    1.28
  78045.233     2.527    -0.05    1.41
  78334.449     2.224    -1.05    1.39
  78623.656     2.074    -0.52    1.41
  78912.853     2.041    -0.12    1.37
  79202.042     2.144     0.35    1.32
  79491.221     2.345     0.70    1.35
  79780.391     2.390     0.16    1.36
  80069.553     2.391     0.00    1.13
  80358.705     2.491     0.35    1.23
  80647.848     2.474    -0.06    1.30
  80936.982     2.324    -0.52    1.28
  81226.107     2.511     0.65    1.32
  81515.223     2.574     0.22    1.28
  81804.330     2.658     0.29    1.28
  82093.427     2.641    -0.06    1.30
  82382.516     2.542    -0.34    1.11
  82671.596     2.607     0.22    1.17
  82960.666     2.574    -0.11    1.27
  83249.728     2.416    -0.55    1.36
  83538.780     2.365    -0.18    1.45
  83827.824     2.082    -0.98    1.34
  84116.858     1.841    -0.84    1.46
  84405.883     1.689    -0.53    1.39
  84694.900     1.527    -0.56    1.35
  84983.907     1.374    -0.53    1.29
  85272.905     1.361    -0.05    1.16
  85561.894     1.309    -0.18    1.20
  85850.874     1.141    -0.58    1.13
  86139.845     0.853    -1.00    1.19
  86428.807     0.781    -0.25    1.15
  86717.760     0.741    -0.14    1.18
  87006.704     0.784     0.15    1.19
  87295.639     0.820     0.13    1.22
  87584.565     0.837     0.06    1.35
  87873.482     1.090     0.88    1.41
  88162.390     1.193     0.36    1.43
  88451.289     1.463     0.93    1.49
  88740.178     1.574     0.38    1.45
  89029.059     1.491    -0.29    1.44
  89317.931     1.258    -0.81    1.50
  89606.794     1.059    -0.69    1.40
  89895.647     0.881    -0.62    1.31
  90184.492     0.824    -0.20    1.15
  90473.328     0.705    -0.41    1.16
  90762.154     0.858     0.53    1.22
  91050.972     0.876     0.06    1.14
  91339.781     1.042     0.58    1.11
  91628.580     1.008    -0.12    1.25
  91917.371     0.897    -0.38    1.34
  92206.153     1.033     0.47    1.23
  92494.925     1.108     0.26    1.31
  92783.689     1.108     0.00    1.32
  93072.444     1.082    -0.09    1.31
  93361.189     1.225     0.49    1.23
  93649.926     1.225     0.00    1.25
  93938.654     1.479     0.88    1.55
  94227.372     1.656     0.61    1.49
  94516.082     1.674     0.06    1.54
  94804.783     1.961     0.99    1.61
  95093.475     2.168     0.72    1.56
  95382.157     2.332     0.57    1.54
  95670.831     2.479     0.51    1.54
  95959.496     2.246    -0.81    1.33
  96248.152     2.091    -0.54    1.32
  96536.799     2.252     0.56    1.41
  96825.437     2.309     0.20    1.50
  97114.066     2.148    -0.56    1.51
  97402.686     2.241     0.32    1.61
  97691.297     2.224    -0.06    1.66
  97979.899     2.208    -0.06    1.70
  98268.492     2.115    -0.32    1.52
  98557.076     2.257     0.49    1.58
  98845.651     2.447     0.66    1.53
  99134.217     2.348    -0.34    1.45
  99422.774     2.509     0.56    1.40
  99711.323     2.456    -0.18    1.52
  99999.862     2.733     0.96    1.55
 100288.393     2.961     0.79    1.40
 100576.914     2.876    -0.30    1.40
 100865.427     2.771    -0.36    1.46
 101153.930     3.058     0.99    1.62
 101442.425     3.171     0.39    1.63
 101730.910     3.258     0.30    1.70
 102019.387     3.258     0.00    1.76
 102307.855     3.289     0.11    1.91
 102596.314     3.308     0.07    1.90
 102884.764     3.574     0.92    1.86
 103173.205     3.510    -0.22    1.66
 103461.637     3.558     0.17    1.72
 103750.060     3.510    -0.17    1.58
 104038.474     3.652     0.49    1.53
 104326.880     3.654     0.00    1.43
 104615.276     3.687     0.12    1.42
 104903.664     3.641    -0.16    1.34
 105192.042     3.524    -0.40    1.50
 105480.412     3.622     0.34    1.63
 105768.772     4.219     2.07    2.26
 106057.124     5.356     3.94    3.56
 106345.467     6.673     4.57    4.68
 106633.801     8.574     6.59    5.63
 106922.126     9.804     4.26    6.04
 107210.443    10.749     3.28    6.24
 107498.750    11.197     1.56    6.19
 107787.048    11.246     0.17    6.51
 108075.338    10.919    -1.14    6.65
 108363.618     9.324    -5.53    5.44
 108651.890     8.935    -1.35    4.64
 108940.153     8.381    -1.92    3.77
 109228.407     8.193    -0.65    3.62
 109516.652     7.987    -0.72    3.36
 109804.888     8.203     0.75    3.34
 110093.115     8.623     1.46    3.27
 110381.333     8.658     0.12    3.15
 110669.543     8.263    -1.37    2.65
 110957.744     8.336     0.25    3.07
 111245.935     9.098     2.64    4.24
 111534.118    10.715     5.61    5.76
 111822.292    12.924     7.67    6.28
 112110.457    15.141     7.69    6.22
 112398.613    17.841     9.37    5.28
 112686.761    19.436     5.53    4.12
 112974.899    19.820     1.33    3.78
 113263.029    19.877     0.20    4.26
 113551.150    19.791    -0.30    4.61
 113839.262    20.341     1.91    4.34
 114127.365    20.858     1.79    4.26
 114415.459    21.461     2.10    3.30
 114703.544    22.082     2.15    3.27
 114991.620    22.701     2.15    3.25
 115279.688    23.010     1.07    3.24
 115567.747    23.408     1.38    3.17
 115855.797    23.724     1.10    3.15
 116143.838    22.509    -4.22    4.21
 116431.870    20.939    -5.45    5.25
 116719.893    19.328    -5.59    6.22
 117007.908    17.945    -4.80    6.43
 117295.914    16.429    -5.26    6.12
 117584.748    15.058    -4.75    5.20
 117874.665    14.755    -1.05    4.45
 118164.573    15.387     2.18    4.63
 118454.472    15.853     1.61    4.71
 118744.362    15.897     0.15    4.44
 119034.243    16.164     0.92    4.49
 119324.115    16.441     0.95    4.14
 119613.978    15.994    -1.54    3.77
 119903.832    14.860    -3.91    2.82
 120193.677    14.416    -1.53    2.27
 120483.513    14.994     1.99    2.60
 120773.341    15.641     2.23    3.02
 121063.159    16.524     3.05    3.09
 121352.968    16.908     1.32    2.95
 121642.769    16.923     0.05    2.79
 121932.560    17.082     0.55    2.76
 122222.343    16.506    -1.99    2.09
 122512.116    16.658     0.52    1.85
 122801.881    16.941     0.98    2.07
 123091.636    16.974     0.12    2.08
 123381.383    17.001     0.09    2.04
 123671.121    17.005     0.02    2.08
 123960.850    17.291     0.99    2.23
 124250.570    18.041     2.59    2.76
 124540.281    18.174     0.46    2.82
 124829.983    18.526     1.21    2.99
 125119.676    18.263    -0.91    3.11
 125409.360    17.832    -1.49    3.20
 125699.036    17.853     0.07    3.29
 125988.702    17.958     0.36    3.32
 126278.360    18.476     1.79    3.49
 126568.008    19.230     2.60    3.61
 126857.648    19.987     2.61    3.47
 127147.279    21.082     3.78    3.07
 127436.901    22.174     3.77    2.44
 127726.513    22.010    -0.57    2.56
 128016.118    22.328     1.10    2.53
 128305.713    22.439     0.38    2.22
 128595.299    22.844     1.40    2.24
 128884.876    23.115     0.94    2.32
 129174.445    24.008     3.08    2.47
 129464.004    24.722     2.47    2.59
 129753.555    25.332     2.11    2.73
 130043.096    25.876     1.88    2.51
 130332.629    26.400     1.81    2.72
 130622.153    26.703     1.05    3.01
 130911.668    27.258     1.91    3.41
 131201.174    27.741     1.67    3.51
 131490.672    27.824     0.29    3.36
 131780.160    27.981     0.54    3.40
 132069.640    28.590     2.11    4.15
 132359.110    30.035     4.99    4.82
 132648.572    32.050     6.96    7.17
 132938.025    33.141     3.77    8.57
 133227.469    34.541     4.84    9.37
 133516.904    37.405     9.89   11.62
 133806.330    39.722     8.00   12.46
 134095.748    42.137     8.34   13.06
 134385.156    43.758     5.60   12.82
 134674.556    47.574    13.19   11.65
 134963.947    49.804     7.70   11.53
 135253.329    53.177    11.66   10.05
 135542.702    55.114     6.69    9.02
 135832.066    57.058     6.72    7.68
 136121.422    59.324     7.83    5.89
 136410.768    61.408     7.20    5.06
 136700.106    61.816     1.41    5.09
 136989.435    62.591     2.68    4.95
 137278.755    62.765     0.60    4.96
 137568.066    63.641     3.03    5.01
 137857.368    64.508     3.00    5.14
 138146.661    65.671     4.02    5.28
 138435.946    66.832     4.01    6.01
 138725.222    68.607     6.13    6.83
 139014.489    69.824     4.21    7.41
 139303.747    71.378     5.37    7.42
 139592.996    71.791     1.43    7.64
 139882.236    72.391     2.07    7.12
 140171.468    72.098    -1.01    6.60
 140460.691    72.352     0.88    5.99
 140749.905    71.066    -4.45    5.76
 141039.110    69.098    -6.81    5.97
 141328.306    66.874    -7.69    6.05
 141617.494    66.008    -3.00    6.10
 141906.672    65.132    -3.03    5.99
 142195.842    65.043    -0.31    6.34
 142485.003    65.774     2.53    6.96
 142774.155    67.607     6.34    7.60
 143063.299    68.832     4.24    7.35
 143352.433    68.141    -2.39    7.80
 143641.559    67.804    -1.17    8.02
 143930.676    66.074    -5.98    8.60
 144219.784    64.236    -6.36    9.90
 144508.884    62.416    -6.29   10.22
 144797.974    60.791    -5.62   10.10
 145087.056    61.049     0.89   10.04
 145376.129    63.400     8.13   11.29
 145665.193    66.987    12.41   13.27
 145954.249    71.114    14.28   15.62
 146243.295    76.381    18.22   15.07
 146532.333    80.408    13.93   13.51
 146821.362    85.738    18.44   12.93
 147110.382    89.252    12.16   12.76
 147399.394    93.074    13.23   11.31
 147688.396    94.511     4.97   11.99
 147977.390    97.132     9.07   11.14
 148266.375   101.424    14.85    9.70
 148555.352   102.984     5.40    9.37
 148844.319   105.026     7.07    7.68
 149133.278   106.203     4.07    6.66
 149422.228   106.199    -0.01    6.22
 149711.169   104.994    -4.17    7.51
 150000.102   102.224    -9.58    8.99
 150289.026    98.924   -11.42   10.64
 150577.941    94.607   -14.94   11.27
 150866.847    91.654   -10.22   10.64
 151155.744    89.010    -9.15    9.77
 151444.633    87.043    -6.81    8.21
 151733.513    85.345    -5.88    8.16
 152022.384    86.241     3.10    8.91
 152311.246    87.640     4.84    9.17
 152600.100    87.177    -1.60    9.83
 152888.945    85.913    -4.38    9.39
 153177.781    85.736    -0.61    9.33
 153466.608    86.509     2.68    9.97
 153755.427    88.991     8.59   10.45
 154044.237    92.279    11.38   12.89
 154333.038    96.416    14.32   14.20
 154621.831   102.939    22.59   13.74
 154910.614   108.945    20.80   12.23
 155199.389   113.001    14.04   11.94
 155488.156   116.091    10.70   11.12
 155776.913   117.268     4.08   10.54
 156065.662   117.352     0.29    9.31
 156354.402   115.431    -6.65   10.80
 156643.133   112.804    -9.10   11.38
 156931.856   108.691   -14.24   12.00
 157220.570   104.203   -15.54   13.64
 157509.275   101.623    -8.94   13.74
 157797.971    99.608    -6.98   13.07
 158086.659    97.638    -6.82   12.12
 158375.338    94.656   -10.33   11.41
 158664.008    90.741   -13.56   11.70
 158952.670    89.410    -4.61   11.74
 159241.323    87.381    -7.03   10.65
 159529.967    85.701    -5.82    9.49
 159818.602    85.177    -1.81    8.55
 160107.229    86.865     5.84   10.73
 160395.847    89.984    10.81   12.27
 160684.457    92.174     7.59   12.61
 160973.057    96.724    15.76   10.14
 161261.649    98.320     5.53    9.06
 161550.232    99.443     3.89    9.04
 161838.807    98.867    -2.00    9.81
 162127.373    96.981    -6.53   10.19
 162415.930    95.074    -6.61   10.49
 162704.479    93.274    -6.24   10.51
 162993.018    90.974    -7.97   10.22
 163281.549    90.765    -0.73    9.92
 163570.072    90.717    -0.17   10.02
 163858.586    91.241     1.82   11.73
 164147.091    94.741    12.13   13.70
 164435.587    96.787     7.09   14.74
 164724.075    99.429     9.16   15.15
 165012.554   101.812     8.26   14.75
 165301.024   104.574     9.57   14.90
 165589.486   104.848     0.95   15.27
 165877.939   106.378     5.30   15.82
 166166.383   106.124    -0.88   14.67
 166454.819   109.164    10.54   13.86
 166743.246   112.257    10.72   13.14
 167031.665   114.891     9.13   11.07
 167320.074   117.755     9.93   11.70
 167608.475   120.461     9.38   12.89
 167896.868   123.608    10.91   14.21
 168185.252   122.443    -4.04   14.68
 168473.627   123.749     4.53   13.54
 168761.993   123.971     0.77   12.78
 169050.351   126.542     8.91   12.51
 169338.700   128.774     7.74   12.71
 169627.041   133.214    15.39   14.14
 169915.373   138.368    17.87   16.35
 170203.696   143.590    18.11   17.02
 170492.010   148.309    16.36   16.22
 170780.316   152.919    15.99   14.15
 171068.614   158.091    17.94   10.69
 171356.902   161.082    10.38    9.81
 171645.182   163.607     8.76    9.01
 171933.454   165.658     7.11    8.73
 172221.717   166.418     2.64    8.05
 172509.971   165.296    -3.89    9.33
 172798.216   164.074    -4.24   10.19
 173086.453   162.804    -4.41   10.56
 173374.682   161.784    -3.54   10.28
 173662.901   161.162    -2.16    9.33
 173951.112   161.527     1.27    7.84
 174239.315   162.736     4.19    7.09
 174527.509   164.024     4.47    6.53
 174815.694   164.441     1.45    7.42
 175103.871   166.341     6.59    8.00
 175392.039   168.336     6.92    9.25
 175680.198   170.623     7.94    9.68
 175968.349   173.759    10.88    9.68
 176256.491   177.066    11.48    9.55
 176544.624   180.058    10.38    9.66
 176832.749   183.174    10.82   10.26
 177120.866   183.344     0.59   10.41
 177408.974   183.654     1.08   10.85
 177697.073   183.463    -0.66    9.91
 177985.163   182.808    -2.28    9.80
 178273.245   179.224   -12.44   11.14
 178561.319   177.099    -7.38   10.88
 178849.384   175.058    -7.08    9.68
 179137.440   175.114     0.19   10.42
 179425.488   175.284     0.59   11.55
 179713.785   174.090    -4.14   11.43
 180003.681   172.787    -4.49   13.32
 180293.569   169.741   -10.51   13.54
 180583.447   164.778   -17.12   12.79
 180873.317   160.130   -16.03   11.01
 181163.178   156.191   -13.59    9.39
 181453.030   151.691   -15.52    9.47
 181742.874   148.219   -11.98   10.58
 182032.709   144.858   -11.60   10.87
 182322.535   138.787   -20.94   11.68
 182612.353   133.923   -16.78   10.55
 182902.162   130.236   -12.72    9.23
 183191.962   127.001   -11.16    7.27
 183481.753   125.795    -4.16    7.16
 183771.536   125.623    -0.59    8.05
 184061.310   126.082     1.59    8.08
 184351.076   125.913    -0.58    8.65
 184640.833   124.336    -5.44    9.79
 184930.581   121.542    -9.64   10.53
 185220.320   117.758   -13.06   11.26
 185510.051   112.858   -16.91   11.51
 185799.773   109.356   -12.09   10.29
 186089.487   105.607   -12.94    8.95
 186379.191   101.892   -12.82    7.53
 186668.888   100.214    -5.79    7.08
 186958.575    98.458    -6.06    6.13
 187248.254    99.345     3.06    6.17
 187537.924   100.797     5.01    6.83
 187827.585   102.352     5.37    7.06
 188117.238   104.058     5.89    7.41
 188406.882   106.354     7.93    6.53
 188696.518   106.308    -0.16    7.26
 188986.145   105.719    -2.03    7.13
 189275.763   105.476    -0.84    5.82
 189565.373   105.965     1.69    6.06
 189854.974   107.460     5.16    6.50
 190144.566   108.956     5.17    7.63
 190434.150   109.872     3.16    7.84
 190723.725   111.702     6.32    7.30
