#    2.172  -0.027   0.749 ;Mean Elev.(m), Avg Gradient(m/km), RMS Gradient(m/km) - SRTM1     
#   12.170  -0.169   1.292 ;Mean Elev.(m), Avg Gradient(m/km), RMS Gradient(m/km) - ASTER GDEM
#    2.426  -0.017   0.845 ;Mean Elev.(m), Avg Gradient(m/km), RMS Gradient(m/km) - GMTED2010 
   1  36.273357 -18.609741     1.505     1.424  3 54659.22687854 34.108
   2  36.271437 -18.608384     2.303     2.010  3 54669.14252456 28.689
   3  36.270289 -18.609162   -85.734   -85.726  3 54679.05816799  1.539
   4  36.272070 -18.609452     1.854     1.473  3 54688.97381056 22.122
   5  36.275725 -18.609616   -72.327   -81.026  3 54698.88945128  3.261
   6  36.276578 -18.610890     2.199     2.199  2 54708.80509430 25.095
   7  36.273199 -18.610213   -10.622    -1.644  3 54718.72074548 14.184
   8  36.268971 -18.609208     2.298     2.259  3 54728.63639433 22.703
   9  36.266418 -18.606258     2.552     2.459  3 54738.55204257 21.672
  10  36.265211 -18.605188     1.722     1.683  3 54748.46769058 19.497
  11  36.265262 -18.604507     2.208     2.231  3 54758.38333833 20.436
  12  36.265692 -18.605733     1.921     1.956  4 54768.29898353 39.931
  13  36.266385 -18.606630     0.967     0.978  3 54778.21462536 30.181
  14  36.267248 -18.605907     1.502     1.507  3 54788.13026491 47.084
  15  36.267168 -18.607868     1.944     1.971  3 54798.04590253 30.981
  16  36.269286 -18.609118     2.040     2.150  3 54807.96154027 21.591
  17  36.273003 -18.609941     2.703     2.703  2 54817.87717771 28.230
  18  36.272495 -18.609605     2.682     2.662  3 54827.79282812 22.263
  19  36.269712 -18.608183     2.321     2.275  3 54837.70846729 37.558
  20  36.266216 -18.606452     2.790     2.791  3 54847.62411696 21.950
  21  36.264391 -18.604492     2.779     2.800  3 54857.53976651 49.359
  22  36.264123 -18.603662     2.563     2.539  3 54867.45541607 19.213
  23  36.264036 -18.604677     2.511     2.502  3 54877.37106458 30.781
  24  36.264690 -18.604988     2.736     2.604  3 54887.28671012 20.991
  25  36.263944 -18.603964     1.993     2.031  3 54897.20235219 39.247
  26  36.262499 -18.603216     2.144     2.053  3 54907.11799119 46.636
  27  36.262832 -18.602963     2.585     2.797  3 54917.03362869 42.613
  28  36.264580 -18.604663     2.092     2.080  3 54926.94926572 47.873
  29  36.267435 -18.607296     2.307     2.349  3 54936.86490203 45.024
  30  36.270832 -18.609434     2.607     2.377  3 54946.78053668 35.738
  31  36.274287 -18.610067     1.977     1.977  2 54956.69616984 39.834
  32  36.271706 -18.609639     1.580     0.921  3 54966.61181812 35.156
  33  36.269536 -18.609032     2.263     2.319  3 54976.52746574 28.404
  34  36.269007 -18.607606     2.298     2.170  3 54986.44311374 20.466
  35  36.269449 -18.607285     2.529     2.385  3 54996.35876169 46.058
  36  36.269312 -18.607918     2.158     2.016  3 55006.27440770 30.332
  37  36.268956 -18.607133     1.622     1.547  3 55016.19005154 47.381
  38  36.267919 -18.607100     1.446     1.387  4 55026.10569358 46.958
  39  36.267816 -18.606926     1.390     1.425  3 55036.02133508 47.362
  40  36.268882 -18.609314     1.205     1.119  3 55045.93697534 35.149
  41  36.272607 -18.609413     2.172     2.104  3 55055.85261451 20.207
  42  36.274814 -18.610507     3.698     3.698  2 55065.76825118 39.370
  43  36.271603 -18.610124     1.850     1.775  3 55075.68389957 24.580
  44  36.267776 -18.608175     1.239     1.362  3 55085.59954761 29.650
  45  36.265689 -18.605964     2.150     2.432  3 55095.51519456 29.276
  46  36.265201 -18.605737     1.258     1.243  3 55105.43084110 29.872
  47  36.265715 -18.605783     2.207     2.219  3 55115.34648743 19.042
  48  36.266351 -18.606032     3.123     3.036  3 55125.26213129 41.774
  49  36.266582 -18.606680     2.296     2.299  3 55135.17777227 21.651
  50  36.267104 -18.606484     1.136     1.132  3 55145.09341107 36.507
  51  36.267951 -18.607090     0.981     0.971  4 55155.00904880 37.991
  52  36.269019 -18.609366     1.449     1.177  3 55164.92468646 25.246
  53  36.271646 -18.610455     2.079     2.090  3 55174.84032427 20.014
  54  36.274153 -18.610021     2.648     2.648  2 55184.75596460 21.283
  55  36.271717 -18.608293     1.443     1.437  3 55194.67161611 19.234
  56  36.268004 -18.607567     1.364     1.164  4 55204.58726620 28.554
  57  36.265905 -18.606530     1.528     1.248  3 55214.50291601 28.425
  58  36.265425 -18.604974     1.153     1.152  4 55224.41856555 29.526
  59  36.264958 -18.605016     2.440     2.423  4 55234.33421298 21.601
  60  36.265027 -18.605202     3.065     3.072  3 55244.24985696 30.724
  61  36.264251 -18.604338     3.040     3.084  3 55254.16549780 36.476
  62  36.263430 -18.603371     2.801     2.810  3 55264.08113644 40.760
  63  36.264029 -18.604372     2.916     2.899  3 55273.99677361 48.963
  64  36.266299 -18.606848     2.091     2.113  4 55283.91241010 46.947
  65  36.269585 -18.608971     2.561     2.373  3 55293.82804529 34.821
  66  36.271661 -18.609710     2.950     2.981  3 55303.74368207 33.350
  67  36.269673 -18.608549     3.282     3.338  3 55313.65932931 37.275
  68  36.268470 -18.607589     2.309     2.114  4 55323.57497474 32.718
  69  36.268218 -18.607242     2.700     2.679  4 55333.49061905 24.754
  70  36.267935 -18.608431     2.075     2.091  3 55343.40626286 46.391
  71  36.268877 -18.607363     2.640     2.536  3 55353.32190679 48.992
  72  36.269532 -18.607565     2.991     2.910  3 55363.23754813 26.602
  73  36.270026 -18.608218     2.980     2.978  3 55373.15318732 43.778
  74  36.271325 -18.608708     2.650     2.594  3 55383.06882512 47.426
  75  36.272963 -18.609675     2.760     2.760  2 55392.98446195 48.029
  76  36.275999 -18.610523     1.260     1.260  2 55402.90009737 45.076
  77  36.273910 -18.610055     2.196     2.196  2 55412.81574872 41.882
  78  36.271633 -18.608383     2.921     2.852  3 55422.73139769 33.191
  79  36.268895 -18.607871     2.666     2.672  3 55432.64704394 26.751
  80  36.266609 -18.607194     1.921     2.052  3 55442.56268871 26.624
  81  36.266306 -18.606113     1.918     1.981  4 55452.47833250 28.404
  82  36.267286 -18.607018     1.585     1.610  4 55462.39397526 27.003
  83  36.268826 -18.608137     1.080     1.067  3 55472.30961624 28.050
  84  36.269657 -18.609667     2.491     2.478  3 55482.22525413 28.532
  85  36.270774 -18.608920     2.660     2.697  3 55492.14089011 25.852
  86  36.272516 -18.609513     2.449     2.449  2 55502.05652394 45.853
  87  36.272475 -18.608787     1.163     1.138  3 55511.97216896 29.776
  88  36.271741 -18.608051     1.190     1.071  3 55521.88781853 46.637
  89  36.270361 -18.608521     1.042     0.838  3 55531.80346652 42.790
  90  36.268820 -18.608389     2.155     2.162  3 55541.71911320 23.923
  91  36.268085 -18.606628     2.941     2.959  3 55551.63475841 22.588
  92  36.266940 -18.606799     2.696     2.635  4 55561.55040199 21.655
  93  36.267714 -18.606825     1.647     1.674  4 55571.46604513 42.339
  94  36.268312 -18.608962     2.093     2.089  3 55581.38168667 40.629
  95  36.269339 -18.609662     2.447     2.146  3 55591.29732533 32.663
  96  36.271152 -18.608500     3.057     3.045  3 55601.21296100 33.792
  97  36.272087 -18.609398     3.638     3.638  2 55611.12859371 43.259
  98  36.273871 -18.610826     2.655     2.723  3 55621.04422538 42.860
  99  36.271897 -18.608962     1.808     1.830  3 55630.95987796 50.334
 100  36.271424 -18.608178     2.562     2.545  3 55640.87552840 46.554
 101  36.270496 -18.609020     1.556     1.324  3 55650.79117587 46.837
 102  36.269609 -18.607342     2.975     3.102  3 55660.70682032 27.864
 103  36.267629 -18.608097     3.161     3.190  3 55670.62246101 27.700
 104  36.268094 -18.607405     2.885     2.890  3 55680.53810067 21.848
 105  36.270924 -18.607952     1.388     1.413  3 55690.45373856 29.787
 106  36.274037 -18.609879     1.546     1.493  3 55700.36937450 43.229
 107  36.275386 -18.610880     1.225     1.208  3 55710.28501412 44.478
 108  36.272673 -18.609440     1.588     1.588  2 55720.20066411 27.200
 109  36.270146 -18.608214     2.759     2.582  3 55730.11631168 44.267
 110  36.269475 -18.607122     2.450     2.454  3 55740.03195785 48.964
 111  36.269395 -18.607848     2.040     2.124  3 55749.94760244 37.135
 112  36.270657 -18.607644     1.863     1.795  3 55759.86324499 51.161
 113  36.271157 -18.608858     1.415     1.485  3 55769.77888443 42.443
 114  36.271351 -18.609276     1.671     1.671  2 55779.69452090 36.261
 115  36.272144 -18.609627     2.253     2.249  3 55789.61015515 24.361
 116  36.274416 -18.610136     2.240     2.240  2 55799.52578865 23.771
 117  36.273595 -18.610325     1.440     1.440  2 55809.44143590 31.817
 118  36.273496 -18.609895     1.451     1.451  2 55819.35708535 28.165
 119  36.273735 -18.610283     1.212     1.212  2 55829.27273023 27.510
 120  36.273350 -18.610501     1.631     1.643  3 55839.18837050 42.093
 121  36.272783 -18.609986     2.369     2.338  3 55849.10400765 44.250
 122  36.274014 -18.610085     2.704     2.729  3 55859.01964255 26.971
 123  36.273310 -18.609771     1.908     1.939  3 55868.93529088 36.099
 124  36.273089 -18.609748     1.521     1.521  2 55878.85094218 26.803
 125  36.273665 -18.609098     1.588     1.580  3 55888.76658712 22.691
 126  36.273460 -18.610057     1.319     1.319  2 55898.68222614 25.703
 127  36.274816 -18.609840     2.398     2.479  3 55908.59786080 23.577
 128  36.271725 -18.609461     2.025     2.025  2 55918.51351033 21.604
 129  36.269774 -18.607935     1.874     1.841  3 55928.42916413 18.944
 130  36.268909 -18.607948     3.055     2.653  3 55938.34481413 48.218
 131  36.268013 -18.607339     3.211     3.186  3 55948.26045924 30.814
 132  36.267292 -18.606368     2.107     1.955  4 55958.17609969 49.940
 133  36.267178 -18.606382     2.304     2.259  4 55968.09173722 45.489
 134  36.268595 -18.607744     2.167     2.007  3 55978.00737343 37.507
 135  36.271880 -18.609415     2.620     2.734  3 55987.92300902 44.416
 136  36.274447 -18.610399     3.084     3.032  3 55997.83864855 33.437
 137  36.272735 -18.609324     3.073     3.011  3 56007.75429949 30.085
 138  36.269947 -18.609192     1.912     1.428  3 56017.66994611 31.037
 139  36.267515 -18.608000     2.789     2.911  3 56027.58559027 27.510
 140  36.266927 -18.606873     2.724     2.762  4 56037.50123314 22.974
 141  36.268481 -18.608666     1.839     1.833  3 56047.41687363 34.380
 142  36.271858 -18.609396     2.123     2.123  2 56057.33251161 47.233
 143  36.275909 -18.610796     1.748     1.748  2 56067.24814508 39.104
 144  36.273306 -18.610115     1.272     1.002  3 56077.16379379 46.482
 145  36.269767 -18.609616     0.895     0.926  3 56087.07944194 45.697
 146  36.268560 -18.608883     1.193     1.193  3 56096.99508772 44.571
 147  36.269756 -18.607753     2.203     2.004  3 56106.91073167 51.722
 148  36.270419 -18.610204     2.373     2.338  3 56116.82636047 21.842
 149  36.272349 -18.610502     2.478     2.417  3 56126.74199780 31.888
 150  36.273856 -18.610572     1.257     1.054  3 56136.65763153 39.191
 151  36.272012 -18.610349     0.848     0.850  3 56146.57327561 33.642
 152  36.270268 -18.609174     1.262     1.192  3 56156.48892546 27.611
 153  36.269723 -18.609106     1.407     1.418  3 56166.40457433 23.507
 154  36.270022 -18.609192     2.190     2.210  3 56176.32022086 19.186
 155  36.270635 -18.609895     1.733     2.364  3 56186.23586229 23.331
 156  36.271302 -18.609133     1.558     1.600  3 56196.15150007 27.003
 157  36.271803 -18.609982     0.790     0.729  3 56206.06713432 31.040
 158  36.274226 -18.610353     1.146     1.146  2 56215.98276715 39.107
 159  36.276501 -18.610639     1.129     1.139  3 56225.89840691 44.701
 160  36.275100 -18.610135     2.134     2.134  2 56235.81406199 20.142
 161  36.273124 -18.610100     2.239     2.239  2 56245.72971322 27.974
 162  36.270882 -18.610215     1.707     1.658  3 56255.64535957 25.141
 163  36.269929 -18.609228     1.161     1.094  3 56265.56100261 29.580
 164  36.270252 -18.607676     0.991     0.938  3 56275.47664435 34.764
 165  36.269156 -18.609023     1.180     1.209  3 56285.39229051 47.815
 166  36.268534 -18.606904     2.759     2.785  3 56295.30794205 24.355
 167  36.267126 -18.606048     3.049     3.048  3 56305.22358896 23.791
 168  36.265688 -18.606170     3.349     3.355  4 56315.13923182 40.184
 169  36.265717 -18.606067     2.809     2.707  3 56325.05487262 49.402
 170  36.267463 -18.606834     2.087     1.910  3 56334.97051237 49.406
 171  36.269966 -18.608420     2.845     2.932  3 56344.88615106 28.686
 172  36.272698 -18.609548     2.914     2.914  2 56354.80178754 44.044
 173  36.271324 -18.609987     3.379     3.394  3 56364.71743210 40.503
 174  36.268792 -18.607982     2.711     2.698  3 56374.63308117 24.867
 176  36.266620 -18.606648     1.610     1.398  4 56394.46437155 25.051
 177  36.268091 -18.607401     1.102     1.036  4 56404.38001367 50.412
 178  36.270690 -18.607920     2.555     2.494  3 56414.29565285 20.865
 179  36.273706 -18.610046     2.780     2.812  3 56424.21128662 45.633
 180  36.272692 -18.609502     2.102     2.078  3 56434.12693198 46.827
 181  36.269205 -18.607474     1.342     1.247  3 56444.04258368 50.691
 182  36.266971 -18.607542     1.191     1.250  3 56453.95823244 30.787
 183  36.266856 -18.606713     1.118     1.023  3 56463.87387883 48.511
 184  36.267418 -18.606689     2.119     2.238  3 56473.78952171 45.180
 185  36.268174 -18.607537     3.010     2.877  3 56483.70516120 29.061
 186  36.269340 -18.607779     2.216     2.109  3 56493.62079784 21.315
 187  36.271107 -18.610152     1.358     1.392  3 56503.53643211 28.729
 188  36.275992 -18.610207     0.803     0.803  2 56513.45206571 33.047
 189  36.275260 -18.610658     0.823     0.823  2 56523.36771553 30.086
 190  36.272925 -18.609869     2.352     2.352  2 56533.28336773 18.557
 192  36.268619 -18.607620     3.252     3.350  3 56553.11466082 45.840
 193  36.268406 -18.607475     1.832     1.804  3 56563.03030331 48.519
 194  36.269850 -18.607868     2.176     2.051  3 56572.94594453 49.538
 195  36.272248 -18.609374     2.267     2.267  2 56582.86158358 48.558
 196  36.276343 -18.609862     2.301     2.263  3 56592.77721859 44.641
 197  36.272938 -18.610562     2.798     2.830  3 56602.69286969 29.819
 198  36.270245 -18.608724     2.592     2.587  4 56612.60851943 24.134
 199  36.269290 -18.608042     1.415     1.403  3 56622.52416504 31.373
 200  36.269843 -18.607121     1.454     1.398  3 56632.43980802 28.822
 201  36.271355 -18.609185     1.018     1.018  2 56642.35544608 49.032
 202  36.269669 -18.608435     1.807     1.781  4 56652.27109648 24.854
 203  36.267277 -18.606820     2.554     2.489  3 56662.18674670 23.958
 204  36.265716 -18.605545     2.491     2.484  3 56672.10239368 23.206
 205  36.265475 -18.606083     1.686     1.647  3 56682.01803845 44.713
 206  36.267365 -18.606657     2.414     2.375  3 56691.93368125 44.747
 207  36.270441 -18.607930     2.160     2.122  3 56701.84932010 43.106
 208  36.272855 -18.609739     2.921     3.028  3 56711.76495387 33.216
 209  36.270704 -18.608462     3.005     3.013  3 56721.68059920 28.054
 210  36.266973 -18.606125     2.967     2.965  4 56731.59625104 32.651
 211  36.265530 -18.605811     2.521     2.533  3 56741.51189913 21.166
 212  36.266865 -18.606409     2.122     1.927  4 56751.42754300 49.574
 213  36.269755 -18.608820     1.621     1.600  3 56761.34318140 43.398
 214  36.274049 -18.609498     1.093     1.114  3 56771.25881345 34.128
 215  36.269778 -18.607954     2.031     2.012  3 56781.17446804 31.645
 216  36.265708 -18.605962     3.251     2.936  3 56791.09012237 42.459
 217  36.263700 -18.602977     2.658     2.484  3 56801.00577384 45.437
 218  36.263761 -18.604671     1.716     1.595  3 56810.92141746 48.377
 219  36.265692 -18.605832     1.740     1.742  4 56820.83705679 46.246
 220  36.268052 -18.607205     1.104     1.039  3 56830.75269214 49.975
 221  36.270601 -18.608755     2.533     2.200  3 56840.66832438 33.918
 222  36.272126 -18.609964     2.674     2.607  3 56850.58395991 26.032
 223  36.269655 -18.608265     2.248     2.299  3 56860.49961461 21.757
 224  36.268249 -18.608594     1.602     1.619  3 56870.41526835 43.287
 225  36.267956 -18.607659     2.212     2.019  4 56880.33091973 49.304
 226  36.266888 -18.606639     1.190     1.121  3 56890.24656736 32.695
 227  36.264825 -18.605577     2.225     2.150  3 56900.16221185 33.331
 228  36.263653 -18.604111     2.385     2.369  3 56910.07785419 36.187
 229  36.265049 -18.604349     2.145     2.108  4 56919.99349463 19.161
 230  36.268554 -18.606694     1.622     1.607  3 56929.90913273 34.688
 231  36.272777 -18.609991     2.754     2.754  2 56939.82476608 22.032
 232  36.275191 -18.611049     1.423     1.405  3 56949.74040320 36.041
 233  36.271213 -18.609473     2.213     2.239  3 56959.65605560 23.264
 234  36.268242 -18.608037     2.221     2.265  3 56969.57170322 23.500
 235  36.267775 -18.608349     2.303     2.378  3 56979.48734704 19.895
 236  36.270273 -18.608294     2.458     2.481  3 56989.40298683 20.087
 237  36.274422 -18.609918     2.182     2.182  2 56999.31862008 23.997
 238  36.271892 -18.609000     2.051     1.969  3 57009.23427289 48.217
 239  36.268699 -18.607008     1.688     1.656  3 57019.14992592 45.345
 240  36.266319 -18.606294     2.489     2.518  3 57029.06557538 22.071
 241  36.265907 -18.606077     3.522     3.525  4 57038.98122299 50.610
 242  36.266860 -18.607539     3.396     3.394  3 57048.89686797 49.480
 243  36.269688 -18.607724     3.542     3.488  3 57058.81250951 49.014
 244  36.271403 -18.609727     3.121     3.115  3 57068.72814499 32.942
 245  36.273000 -18.610043     3.226     3.226  2 57078.64377676 32.617
 246  36.273826 -18.610055     3.152     3.152  2 57088.55941256 28.589
 247  36.269794 -18.608653     2.792     2.638  3 57098.47507126 52.175
 248  36.268553 -18.607292     2.760     2.856  3 57108.39072717 22.410
 249  36.269168 -18.606894     2.456     2.320  3 57118.30637777 46.269
 250  36.268424 -18.608581     1.982     1.899  3 57128.22202152 44.068
 251  36.268187 -18.608579     1.437     1.449  3 57138.13765986 46.670
 252  36.269845 -18.607948     1.893     1.823  3 57148.05329442 48.195
 253  36.273282 -18.609125     2.298     2.139  3 57157.96892605 45.890
 254  36.273423 -18.609815     1.966     1.966  2 57167.88457247 44.556
 255  36.271475 -18.608095     2.335     2.150  3 57177.80022826 39.655
 256  36.268980 -18.607948     2.060     2.043  4 57187.71587969 49.385
 257  36.267355 -18.607178     1.444     1.300  3 57197.63152748 39.034
 258  36.266528 -18.606783     0.989     1.042  3 57207.54716189 30.197
 259  36.267245 -18.606291     1.258     1.253  3 57217.46280693 19.975
 260  36.268595 -18.607478     1.869     1.855  3 57227.37845067 19.347
 261  36.270074 -18.609069     2.713     2.716  3 57237.29409217 20.528
 262  36.272096 -18.608565     2.082     2.045  3 57247.20973064 50.078
 263  36.272902 -18.609852     0.973     0.973  2 57257.12536580 48.201
 264  36.274262 -18.610935     1.562     1.034  3 57267.04099971 42.557
 265  36.274177 -18.610899     1.132     1.177  3 57276.95664548 30.974
 266  36.273251 -18.608992     1.777     1.778  3 57286.87230205 44.355
 267  36.271383 -18.609272     2.676     2.676  2 57296.78795530 22.271
 268  36.270066 -18.607835     2.126     2.189  3 57306.70360553 20.140
 269  36.267861 -18.606291     0.865     0.868  3 57316.61925223 20.504
 270  36.265933 -18.605564     1.679     1.639  4 57326.53489580 22.814
 271  36.266253 -18.605889     0.565     0.743  3 57336.45053745 20.472
 272  36.266317 -18.605705     2.112     2.090  3 57346.36618537 17.494
 273  36.265821 -18.606387     2.516     2.480  3 57356.28183301 18.706
 274  36.265912 -18.606633     2.571     2.429  3 57366.19747706 47.079
 275  36.266676 -18.606404     1.659     1.642  3 57376.11311768 47.636
 276  36.267839 -18.608474     1.412     1.234  3 57386.02875572 42.684
 277  36.271127 -18.608359     1.415     1.054  3 57395.94439366 50.686
 278  36.274462 -18.609915     2.290     2.355  3 57405.86003026 44.285
 279  36.273645 -18.609332     2.850     2.870  3 57415.77567971 23.862
 280  36.271157 -18.608200     2.124     2.148  3 57425.69133100 24.703
 281  36.267952 -18.607895     2.662     2.773  3 57435.60697939 22.203
 282  36.266638 -18.607038     1.545     1.625  4 57445.52262645 43.869
 283  36.266793 -18.607097     0.720     0.710  4 57455.43827272 30.970
 284  36.268449 -18.607293     1.487     1.389  3 57465.35391692 45.695
 285  36.271028 -18.607819     2.869     2.913  3 57475.26955723 31.419
 286  36.271926 -18.610258     3.096     3.131  3 57485.18519328 28.040
 287  36.273669 -18.609446     2.124     1.768  3 57495.10082702 46.462
 288  36.276112 -18.610455     1.564     1.648  3 57505.01645892 46.333
 289  36.272495 -18.609604     1.475     1.388  3 57514.93211455 48.163
 290  36.270552 -18.609312     1.319     0.944  3 57524.84776794 48.482
 291  36.269466 -18.608041     2.500     2.503  3 57534.76341934 22.716
 292  36.268065 -18.606980     3.100     3.143  3 57544.67906783 42.298
 293  36.266910 -18.607023     2.000     1.976  3 57554.59471414 21.851
 294  36.266989 -18.607513     0.909     0.883  3 57564.51035919 27.763
 295  36.267962 -18.607642     1.098     1.105  4 57574.42600389 29.346
 296  36.268476 -18.608566     1.446     1.124  3 57584.34164786 33.878
 297  36.268870 -18.609174     2.630     2.668  3 57594.25728984 21.807
