-272495.070   529.843     0.00   11.45
-272205.704   531.614     6.12   13.17
-271916.347   533.558     6.72   14.05
-271627.000   535.878     8.02   14.08
-271337.662   538.341     8.51   13.46
-271048.334   539.330     3.42   13.24
-270759.016   540.135     2.78   13.47
-270469.707   538.772    -4.71   12.69
-270180.408   539.013     0.84   11.53
-269891.119   538.593    -1.46   11.50
-269601.839   539.576     3.40   11.14
-269312.569   539.191    -1.33   10.63
-269023.308   539.925     2.54   10.48
-268734.057   540.723     2.76   10.06
-268444.816   542.513     6.19   11.05
-268155.584   542.791     0.96   11.15
-267866.362   545.166     8.21   11.11
-267577.149   545.802     2.20   10.65
-267287.946   548.040     7.74   10.34
-266998.753   548.988     3.28    9.94
-266709.569   549.871     3.06    9.60
-266420.395   549.858    -0.05    8.51
-266131.230   551.724     6.45    8.67
-265842.075   553.660     6.70    8.31
-265552.929   555.056     4.83    7.18
-265263.794   556.306     4.32    6.49
-264974.667   557.151     2.92    7.14
-264685.550   557.991     2.90    8.40
-264396.443   557.988    -0.01   10.52
-264107.346   555.433    -8.84   12.52
-263818.258   552.175   -11.27   15.17
-263529.179   548.768   -11.79   16.75
-263240.110   544.625   -14.33   17.44
-262951.051   539.824   -16.61   15.71
-262662.001   534.756   -17.54   15.46
-262372.961   529.961   -16.59   14.15
-262083.930   526.246   -12.85   12.64
-261794.909   528.285     7.05   24.27
-261505.898   529.497     4.20   29.98
-261216.896   537.659    28.24   41.58
-260927.903   542.755    17.64   50.63
-260638.921   550.223    25.85   55.88
-260349.947   558.612    29.03   69.29
-260060.983   562.643    13.95   75.14
-259772.029   560.739    -6.59   80.50
-259483.084   557.074   -12.68   81.99
-259194.149   550.741   -21.92   83.86
-258905.224   544.591   -21.29   80.96
-258616.308   529.245   -53.12   71.34
-258327.401   517.262   -41.48   62.33
-258038.504   501.445   -54.76   50.67
-257749.617   489.511   -41.32   38.74
-257460.739   479.974   -33.02   30.06
-257171.870   472.707   -25.16   21.35
-256883.011   466.260   -22.32   16.33
-256594.162   461.707   -15.77   11.42
-256305.322   459.100    -9.03    9.53
-256016.492   457.478    -5.62    9.32
-255727.671   456.908    -1.97   10.46
-255438.860   457.491     2.02   12.70
-255150.058   458.519     3.56   13.31
-254861.266   458.405    -0.39   13.72
-254572.483   456.421    -6.87   13.53
-254283.710   455.272    -3.98   12.85
-253994.946   451.491   -13.09   11.85
-253706.192   451.429    -0.22   10.82
-253417.447   450.675    -2.61   11.14
-253128.712   450.816     0.49   12.36
-252839.986   449.945    -3.02   13.36
-252551.270   451.421     5.11   14.36
-252262.563   451.379    -0.14   12.76
-251973.866   452.241     2.98   10.96
-251685.178   449.336   -10.06    9.31
-251396.500   447.675    -5.75    8.49
-251107.831   446.396    -4.43    7.95
-250819.171   445.255    -3.95    8.77
-250530.522   444.119    -3.94    9.50
-250241.881   442.758    -4.72    9.97
-249953.250   443.255     1.73   11.18
-249664.629   445.535     7.90   12.12
-249376.017   445.707     0.60   12.41
-249087.415   446.981     4.42   12.46
-248798.822   447.806     2.86   12.51
-248510.238   446.258    -5.37   11.66
-248221.664   446.052    -0.71   10.62
-247933.100   444.675    -4.77    9.66
-247644.544   444.594    -0.28    9.14
-247355.999   445.834     4.30   11.17
-247067.463   448.134     7.97   12.78
-246778.936   451.191    10.60   12.77
-246490.419   456.159    17.22   12.17
-246201.911   458.596     8.45   10.88
-245913.412   460.485     6.55    9.59
-245624.924   460.626     0.49    8.90
-245336.444   460.368    -0.89    8.69
-245047.974   458.336    -7.05    9.61
-244759.514   455.412   -10.14   10.56
-244471.062   452.643    -9.60   11.17
-244182.621   452.754     0.39   12.84
-243894.188   452.791     0.13   14.43
-243605.766   452.997     0.72   15.04
-243317.352   451.310    -5.85   14.51
-243028.948   450.924    -1.34   13.26
-242740.554   449.297    -5.64   10.89
-242452.169   446.160   -10.88   11.33
-242163.793   443.248   -10.10    9.68
-241875.427   439.933   -11.50    9.36
-241587.070   435.576   -15.11    9.06
-241298.723   433.041    -8.79    9.09
-241010.385   431.497    -5.35    9.36
-240722.056   430.113    -4.80    9.47
-240433.737   428.342    -6.14    9.98
-240145.427   426.786    -5.40    9.86
-239857.127   424.871    -6.64   10.45
-239568.836   422.058    -9.76   10.86
-239280.555   418.046   -13.92   11.20
-238992.283   413.421   -16.05   10.45
-238704.020   408.535   -16.95    9.31
-238415.767   404.255   -14.85    8.06
-238127.523   399.904   -15.10    7.92
-237839.288   396.159   -13.00    9.16
-237551.063   392.478   -12.77    9.40
-237262.848   388.035   -15.42    8.53
-236974.641   384.818   -11.16    8.31
-236686.445   381.970    -9.88    9.40
-236398.257   378.232   -12.97    9.25
-236110.079   376.175    -7.14    9.32
-235821.910   374.674    -5.21    9.04
-235533.751   372.610    -7.16    9.57
-235245.601   370.503    -7.31   10.34
-234957.460   368.941    -5.42   10.88
-234669.329   367.481    -5.07   11.01
-234381.207   365.330    -7.47   10.32
-234093.095   361.608   -12.92    9.47
-233804.992   357.884   -12.92   10.32
-233516.898   353.003   -16.94   11.66
-233228.814   349.643   -11.67   11.31
-232940.739   345.881   -13.06   10.66
-232652.673   343.461    -8.40    9.85
-232364.617   342.013    -5.03   10.04
-232076.570   343.288     4.42   10.12
-231788.533   346.135     9.89   11.38
-231500.504   350.516    15.21   11.78
-231212.486   354.820    14.94   11.65
-230924.476   358.494    12.76   12.20
-230636.476   362.255    13.06   12.63
-230348.485   366.379    14.32   12.78
-230060.504   372.068    19.76   13.41
-229772.532   377.564    19.09   14.39
-229484.569   383.806    21.68   16.52
-229196.616   394.707    37.86   23.08
-228908.672   404.753    34.89   26.83
-228620.146   412.491    26.82   25.62
-228330.184   419.723    24.95   22.28
-228040.233   423.802    14.07   19.43
-227750.291   427.068    11.27   17.25
-227460.358   427.723     2.26   11.40
-227170.435   426.937    -2.71    9.16
-226880.521   426.609    -1.13    9.91
-226590.617   426.126    -1.66   10.67
-226300.722   425.500    -2.16   12.36
-226010.836   425.612     0.38   13.07
-225720.961   422.820    -9.63   13.94
-225431.094   422.608    -0.73   14.18
-225141.237   419.691   -10.06   14.40
-224851.390   420.562     3.01   14.16
-224561.552   421.834     4.39   11.97
-224271.723   424.691     9.86   12.80
-223981.904   430.874    21.34   15.29
-223692.095   435.608    16.33   16.31
-223402.294   436.019     1.42   15.53
-223112.504   434.903    -3.85   16.12
-222822.722   434.417    -1.68   17.20
-222532.951   435.552     3.92   24.49
-222243.188   434.019    -5.29   25.43
-221953.435   427.774   -21.55   13.96
-221663.692   426.024    -6.04    9.22
-221373.958   426.479     1.57    9.13
-221084.233   428.612     7.36    9.08
-220794.518   430.113     5.18    9.40
-220504.812   432.441     8.04    9.45
-220215.116   434.524     7.19    8.68
-219925.429   435.232     2.44    7.83
-219635.752   433.310    -6.64   10.27
-219346.084   429.160   -14.33   12.80
-219056.425   423.949   -17.99   14.32
-218766.776   417.593   -21.95   13.35
-218477.136   412.308   -18.25   11.65
-218187.506   407.255   -17.45    9.89
-217897.885   403.626   -12.53    8.23
-217608.274   401.389    -7.73    7.56
-217318.672   399.465    -6.65    8.12
-217029.079   399.774     1.07   10.17
-216739.496   399.207    -1.96   10.36
-216449.922   400.074     3.00   10.40
-216160.357   398.953    -3.87    8.28
-215870.802   398.168    -2.71    7.38
-215581.257   397.008    -4.01    6.08
-215291.721   396.074    -3.22    5.67
-215002.194   394.788    -4.44    6.41
-214712.676   393.258    -5.29    7.47
-214423.168   393.707     1.55    8.49
-214133.670   394.818     3.84   10.48
-213844.181   396.562     6.03   11.74
-213554.701   397.281     2.48   10.99
-213265.230   398.458     4.06    9.73
-212975.769   398.199    -0.89    8.67
-212686.317   397.723    -1.64    7.98
-212396.875   394.832    -9.99    8.14
-212107.442   393.013    -6.28    6.81
-211818.019   391.560    -5.02    6.76
-211528.605   391.091    -1.62    6.85
-211239.200   391.541     1.56    7.65
-210949.804   394.072     8.75    9.76
-210660.418   398.104    13.93   11.03
-210371.042   402.888    16.54   10.09
-210081.674   407.008    14.24    8.81
-209792.316   410.341    11.52    8.24
-209502.968   413.084     9.48    7.31
-209213.628   415.137     7.10    6.70
-208924.299   416.546     4.87    6.20
-208634.978   416.937     1.35    6.86
-208345.667   417.324     1.34    7.23
-208056.365   416.308    -3.51    7.69
-207767.073   415.291    -3.51    7.65
-207477.790   411.088   -14.53    9.04
-207188.516   406.913   -14.43   10.85
-206899.251   403.024   -13.45   12.17
-206609.996   398.707   -14.93   11.12
-206320.751   394.124   -15.85    9.14
-206031.514   393.363    -2.63    8.29
-205742.287   393.433     0.24    9.58
-205453.070   394.802     4.73   10.17
-205163.861   396.175     4.75    8.97
-204874.662   397.564     4.80    8.09
-204585.472   397.659     0.33    8.14
-204296.292   397.008    -2.25    8.93
-204007.121   392.822   -14.48    9.23
-203717.959   388.786   -13.96   10.00
-203428.807   384.625   -14.39   11.81
-203139.664   380.297   -14.97   12.93
-202850.530   376.753   -12.26   11.81
-202561.406   373.708   -10.54    9.86
-202272.290   371.610    -7.26    7.85
-201983.185   371.008    -2.08    7.19
-201694.088   370.958    -0.18    7.90
-201405.001   373.320     8.17    8.33
-201115.923   375.937     9.05    8.98
-200826.854   379.019    10.66   10.22
-200537.795   382.223    11.09   11.04
-200248.745   386.035    13.19   11.54
-199959.704   389.326    11.39   10.27
-199670.673   393.691    15.10    9.83
-199381.651   396.458     9.57    9.06
-199092.638   399.789    11.53    8.88
-198803.635   401.977     7.57    8.39
-198514.641   405.465    12.07    8.62
-198225.656   408.707    11.22    8.94
-197936.680   411.871    10.95    9.06
-197647.714   415.041    10.97    8.82
-197358.757   418.445    11.78    8.43
-197069.809   421.239     9.67    7.60
-196780.870   423.675     8.43    5.91
-196491.941   423.802     0.44    5.50
-196203.021   423.917     0.40    5.21
-195914.110   424.491     1.99    4.70
-195625.209   424.658     0.58    5.15
-195336.317   425.272     2.12    5.38
-195047.434   425.772     1.73    5.55
-194758.561   427.207     4.97    6.34
-194469.696   428.884     5.81    7.06
-194180.841   431.758     9.95    7.36
-193891.995   432.560     2.78    7.29
-193603.159   435.094     8.78    7.23
-193314.332   437.405     8.00    7.07
-193025.513   439.834     8.41    6.85
-192736.705   442.024     7.59    6.86
-192447.905   444.591     8.89    6.95
-192159.115   446.574     6.87    7.13
-191870.334   449.941    11.66    7.50
-191581.562   452.910    10.28    8.27
-191292.800   455.884    10.30    8.18
-191004.046   458.752     9.93    8.52
-190715.302   462.078    11.52    8.54
-190426.567   464.358     7.90    7.95
-190137.842   465.855     5.19    8.45
-189849.125   466.660     2.79    9.36
-189560.418   467.658     3.46   10.01
-189271.720   468.891     4.27   11.11
-188983.032   469.141     0.87   10.85
-188694.352   470.924     6.18   10.10
-188405.682   470.824    -0.35    8.86
-188117.021   470.008    -2.83    8.36
-187828.369   468.834    -4.07    8.41
-187539.727   466.449    -8.26    8.23
-187251.094   464.134    -8.02    8.59
-186962.469   462.793    -4.65    8.45
-186673.855   460.626    -7.51    8.03
-186385.249   458.739    -6.54    7.56
-186096.652   458.977     0.82    7.60
-185808.065   461.175     7.62    7.66
-185519.487   462.917     6.04    7.61
-185230.918   464.207     4.47    7.18
-184942.359   464.808     2.08    6.70
-184653.808   466.223     4.91    6.61
-184365.267   467.253     3.57    6.56
-184076.735   467.624     1.29    6.13
-183788.212   466.820    -2.79    5.58
-183499.698   466.384    -1.51    5.47
-183211.194   465.941    -1.54    5.29
-182922.699   465.035    -3.14    5.56
-182634.212   464.144    -3.09    5.91
-182345.736   463.294    -2.95    5.90
-182057.268   461.594    -5.89    6.26
-181768.809   459.658    -6.71    6.26
-181480.360   457.035    -9.09    6.28
-181191.920   455.088    -6.75    6.74
-180903.489   452.643    -8.48    7.32
-180615.067   449.972    -9.26    7.91
-180326.654   446.772   -11.10    7.36
-180038.251   443.924    -9.87    7.32
-179749.856   441.347    -8.94    7.42
-179461.471   439.013    -8.09    7.71
-179173.095   435.758   -11.29    7.59
-178884.729   432.977    -9.64    8.60
-178596.371   430.478    -8.67    8.71
-178308.022   428.108    -8.22    8.21
-178019.683   427.707    -1.39    7.37
-177731.353   426.986    -2.50    6.78
-177443.032   426.991     0.02    6.83
-177154.720   428.072     3.75    6.96
-176866.417   429.363     4.48    7.82
-176578.124   432.412    10.58   11.00
-176289.839   434.658     7.79   12.88
-176001.564   437.691    10.52   14.47
-175713.298   440.675    10.35   14.78
-175425.041   443.722    10.57   14.32
-175136.793   447.278    12.34   12.61
-174848.554   450.917    12.62   10.94
-174560.325   452.708     6.21    9.71
-174272.104   455.858    10.93    8.73
-173983.893   456.894     3.60    9.32
-173695.691   458.981     7.24    9.05
-173407.497   459.378     1.38    8.63
-173119.314   460.461     3.76    8.04
-172831.139   460.358    -0.36    7.16
-172542.973   461.945     5.51    6.72
-172254.816   463.511     5.43    6.70
-171966.669   466.374     9.94    6.64
-171678.531   469.363    10.37    7.11
-171390.401   472.658    11.44    6.52
-171102.281   475.808    10.93    6.11
-170814.170   477.658     6.42    6.12
-170526.068   479.770     7.33    6.20
-170237.976   482.294     8.76    7.11
-169949.892   485.128     9.84    6.90
-169661.817   486.255     3.91    6.53
-169373.752   487.363     3.85    6.60
-169085.696   487.158    -0.71    7.43
-168797.648   487.675     1.79    7.73
-168509.610   487.056    -2.15    7.22
-168221.581   487.215     0.55    6.47
-167933.561   488.627     4.91    7.11
-167645.550   490.843     7.70    6.94
-167357.548   492.824     6.88    6.51
-167069.556   494.560     6.03    5.99
-166781.572   494.983     1.47    5.59
-166493.597   494.497    -1.69    5.94
-166203.727   492.878    -5.59    6.90
-165913.793   489.953   -10.09    7.98
-165623.867   485.591   -15.05    7.73
-165333.951   482.773    -9.72    6.76
-165044.044   480.691    -7.18    5.94
-164754.146   479.802    -3.07    5.97
-164464.257   479.262    -1.86    6.59
-164174.378   479.739     1.65    6.96
-163884.507   479.824     0.29    7.38
-163594.646   482.117     7.91    7.24
-163304.795   483.191     3.70    7.94
-163014.952   483.167    -0.08    8.13
-162725.118   481.852    -4.54    8.08
-162435.294   481.576    -0.95    7.92
-162145.479   479.304    -7.84    7.29
-161855.673   477.191    -7.29    7.08
-161565.877   473.199   -13.78    6.28
-161276.089   469.818   -11.67    7.33
-160986.311   466.341   -12.00    8.04
-160696.542   462.224   -14.21    7.00
-160406.782   460.530    -5.85    6.44
-160117.031   458.641    -6.52    5.70
-159827.290   458.941     1.04    5.88
-159537.557   460.358     4.89    9.08
-159247.834   463.035     9.24   10.70
-158958.120   465.396     8.15    9.81
-158668.415   467.150     6.06    9.12
-158378.720   466.659    -1.70    6.28
-158089.033   466.288    -1.28    6.53
-157799.356   464.660    -5.62    6.84
-157509.688   463.046    -5.57    6.75
-157220.029   460.888    -7.45    6.52
-156930.379   459.591    -4.48    6.40
-156640.738   457.002    -8.94    6.09
-156351.107   455.024    -6.83    6.85
-156061.485   453.199    -6.30    6.96
-155771.871   452.066    -3.91    6.83
-155482.267   450.150    -6.62    6.08
-155192.673   449.258    -3.08    5.31
-154903.087   448.858    -1.38    4.06
-154613.510   449.122     0.91    3.70
-154323.943   449.297     0.61    4.27
-154034.385   450.222     3.19    4.89
-153744.835   451.543     4.56    5.40
-153455.295   452.541     3.45    5.51
-153165.765   453.241     2.42    5.94
-152876.243   454.342     3.80    6.80
-152586.730   455.834     5.15    7.99
-152297.227   458.610     9.59    9.19
-152007.733   461.461     9.85    8.83
-151718.247   465.074    12.48    8.62
-151428.771   468.207    10.82    9.11
-151139.304   471.802    12.42    8.33
-150849.847   473.215     4.88    8.42
-150560.398   475.035     6.29    7.86
-150270.958   477.108     7.16    7.60
-149981.528   479.755     9.15    7.35
-149692.107   480.855     3.80    7.41
-149402.694   482.691     6.34    8.15
-149113.291   484.316     5.62    8.55
-148823.897   486.384     7.15    8.21
-148534.512   488.291     6.59    7.47
-148245.137   489.175     3.05    7.11
-147955.770   490.659     5.13    6.25
-147666.412   491.358     2.42    5.43
-147377.064   491.972     2.12    4.76
-147087.725   491.481    -1.70    4.94
-146798.394   490.117    -4.72    6.21
-146509.073   488.894    -4.23    6.90
-146219.761   485.046   -13.30    7.63
-145930.458   481.294   -12.97    7.47
-145641.164   477.868   -11.84    6.96
-145351.879   475.119    -9.50    6.34
-145062.604   472.774    -8.11    6.12
-144773.337   471.191    -5.47    6.22
-144484.079   468.974    -7.66    6.04
-144194.831   469.122     0.51    5.87
-143905.592   469.530     1.41    5.98
-143616.361   471.522     6.89    6.80
-143327.140   473.232     5.91    6.66
-143037.928   475.774     8.79    8.44
-142748.725   477.974     7.61    8.48
-142459.531   481.128    10.91    9.46
-142170.346   483.723     8.97    9.74
-141881.170   487.691    13.72    9.98
-141592.003   491.341    12.62    9.48
-141302.845   495.108    13.03    9.57
-141013.697   498.691    12.39   10.40
-140724.557   500.596     6.59    9.03
-140435.426   501.066     1.63    8.58
-140146.305   500.239    -2.86    9.23
-139857.192   497.609    -9.10   10.08
-139568.089   493.724   -13.44   10.09
-139278.995   490.207   -12.17    8.78
-138989.909   487.491    -9.40    8.00
-138700.833   486.961    -1.83    9.89
-138411.766   490.691    12.91   22.16
-138122.708   498.624    27.45   38.75
-137833.659   509.272    36.84   49.45
-137544.618   515.232    20.62   52.52
-137255.587   518.741    12.14   55.24
-136966.565   510.262   -29.34   58.06
-136677.552   496.035   -49.23   58.36
-136388.548   478.838   -59.51   51.19
-136099.553   466.740   -41.87   43.03
-135810.567   454.562   -42.14   22.44
-135521.591   450.262   -14.88   10.92
-135232.623   450.723     1.59    8.70
-134943.664   454.159    11.89    9.40
-134654.714   458.478    14.95    8.07
-134365.773   460.791     8.01    7.24
-134076.841   460.841     0.17    6.90
-133787.919   459.910    -3.22    7.39
-133499.005   459.166    -2.57    7.35
-133210.100   458.322    -2.92    7.68
-132921.204   457.084    -4.28    8.02
-132632.318   457.641     1.93    8.68
-132343.440   459.458     6.29    9.10
-132054.571   462.214     9.54    8.91
-131765.711   464.239     7.01    9.23
-131476.861   465.457     4.21    9.80
-131188.019   466.691     4.27    9.97
-130899.186   466.824     0.46    9.83
-130610.362   467.625     2.77   10.16
-130321.548   467.659     0.12   10.28
-130032.742   468.119     1.60    9.72
-129743.945   468.119     0.00    9.27
-129455.157   468.836     2.48    9.02
-129166.379   469.478     2.22    8.56
-128877.609   470.199     2.50    8.41
-128588.848   470.937     2.55    8.45
-128300.096   470.580    -1.24    7.92
-128011.353   470.458    -0.42    7.16
-127722.619   471.248     2.74    6.89
-127433.894   470.981    -0.93    6.15
-127145.178   471.258     0.96    5.74
-126856.471   472.101     2.92    5.46
-126567.773   474.231     7.38    5.75
-126279.084   476.224     6.91    5.95
-125990.404   478.465     7.76    6.38
-125701.733   480.642     7.54    6.72
-125413.071   483.158     8.72    7.76
-125124.418   485.675     8.72    8.38
-124835.774   487.977     7.98    9.35
-124547.138   491.119    10.89    9.87
-124258.512   494.056    10.17   10.05
-123969.895   497.958    13.52    9.10
-123681.286   500.024     7.16    9.31
-123392.687   503.151    10.84    8.48
-123104.096   506.352    11.09    8.94
-122815.515   509.472    10.81    9.08
-122526.942   511.789     8.03    8.54
-122238.378   514.891    10.75    8.51
-121949.823   516.088     4.15    8.46
-121661.278   517.527     4.99    8.43
-121372.741   519.149     5.62    8.11
-121084.213   520.691     5.35    8.34
-120795.694   522.560     6.48    9.12
-120507.184   523.941     4.79    8.18
-120218.682   525.691     6.07    7.91
-119930.190   526.288     2.07    7.31
-119641.707   526.723     1.51    7.14
-119353.232   526.453    -0.94    8.23
-119064.767   524.997    -5.05    9.67
-118776.310   522.904    -7.26   10.61
-118487.863   519.208   -12.82   10.96
-118199.424   515.543   -12.70   10.54
-117910.994   511.548   -13.85    9.65
-117622.573   507.850   -12.82    8.22
-117334.161   504.845   -10.42    7.75
-117045.758   503.408    -4.98    6.20
-116757.364   502.508    -3.12    6.06
-116468.979   501.991    -1.79    5.89
-116180.602   501.599    -1.36    6.10
-115892.235   501.658     0.21    5.51
-115603.876   501.814     0.54    5.33
-115315.527   501.991     0.61    5.10
-115027.186   500.858    -3.93    4.98
-114738.854   499.424    -4.97    5.32
-114450.531   497.594    -6.35    5.96
-114162.217   495.389    -7.65    6.19
-113873.911   493.056    -8.09    5.65
-113585.615   491.481    -5.46    5.96
-113297.328   490.441    -3.61    6.61
-113009.049   489.858    -2.02    7.59
-112720.779   488.461    -4.84    8.41
-112432.519   487.072    -4.82    8.78
-112144.267   484.541    -8.78    9.33
-111856.024   482.804    -6.03   10.01
-111567.789   478.675   -14.33    9.17
-111279.564   475.524   -10.93    8.40
-110991.348   472.445   -10.68    8.50
-110703.140   469.167   -11.37    7.16
-110414.941   466.953    -7.68    6.50
-110126.751   466.785    -0.58    7.45
-109838.570   466.641    -0.50    8.75
-109550.398   468.991     8.16   12.44
-109262.235   467.643    -4.68   12.86
-108974.081   467.008    -2.20   13.63
-108685.935   465.723    -4.46   13.48
-108397.798   464.610    -3.86   12.94
-108109.671   460.937   -12.75   11.58
-107821.552   458.330    -9.05   10.32
-107533.441   455.659    -9.27    9.44
-107245.340   453.773    -6.55    8.57
-106957.248   450.802   -10.31    7.68
-106669.164   448.911    -6.56    6.75
-106381.089   446.091    -9.79    5.79
-106093.023   444.707    -4.80    5.51
-105804.966   443.391    -4.57    5.80
-105516.918   440.904    -8.63    6.52
-105228.878   437.548   -11.65    7.58
-104940.848   434.175   -11.71    7.75
-104652.826   430.046   -14.34    8.20
-104364.813   426.641   -11.82    8.07
-104075.581   422.347   -14.85    7.30
-103785.663   418.643   -12.78    7.42
-103495.753   415.516   -10.78    7.16
-103205.853   412.373   -10.84    6.94
-102915.961   408.891   -12.01    6.03
-102626.079   406.941    -6.73    5.30
-102336.205   405.908    -3.56    5.28
-102046.340   405.768    -0.48    6.21
-101756.484   404.953    -2.81    7.15
-101466.638   404.999     0.16    8.03
-101176.800   405.308     1.07    8.94
-100886.971   405.191    -0.40    8.94
-100597.151   404.691    -1.73    8.62
-100307.340   405.342     2.25    9.25
-100017.537   404.897    -1.54    8.69
 -99727.744   405.818     3.18    9.98
 -99437.960   405.458    -1.24   10.52
 -99148.184   405.208    -0.86   12.27
 -98858.418   401.465   -12.92   10.63
 -98568.660   398.231   -11.16   10.53
 -98278.912   394.222   -13.83    9.74
 -97989.172   390.207   -13.86    8.73
 -97699.441   387.117   -10.67    8.91
 -97409.720   383.822   -11.37    8.43
 -97120.007   380.981    -9.81    8.31
 -96830.303   377.291   -12.74    7.26
 -96540.608   374.739    -8.81    8.32
 -96250.921   371.424   -11.44    8.42
 -95961.244   367.524   -13.46    8.43
 -95671.576   364.755    -9.56    8.55
 -95381.916   361.594   -10.91    7.88
 -95092.266   359.458    -7.38    8.11
 -94802.624   359.818     1.24   12.99
 -94512.991   359.675    -0.50   17.83
 -94223.367   364.841    17.84   30.46
 -93933.752   363.574    -4.37   29.33
 -93644.146   367.368    13.10   32.76
 -93354.549   365.723    -5.68   29.35
 -93064.961   364.866    -2.96   26.89
 -92775.381   363.119    -6.03   25.52
 -92485.811   358.524   -15.87   22.35
 -92196.249   355.474   -10.53   20.04
 -91906.696   351.756   -12.84   17.79
 -91617.153   347.988   -13.02   15.02
 -91327.618   344.858   -10.81   12.40
 -91038.091   341.255   -12.44   11.37
 -90748.574   339.013    -7.74   11.01
 -90459.066   338.274    -2.55   10.96
 -90169.566   338.625     1.21   12.23
 -89880.076   339.082     1.58   12.93
 -89590.594   340.804     5.95   13.65
 -89301.121   343.465     9.19   13.37
 -89011.657   347.308    13.28   11.44
 -88722.202   348.691     4.78    9.91
 -88432.755   349.546     2.95    9.30
 -88143.318   347.961    -5.48    9.82
 -87853.889   346.167    -6.20   11.17
 -87564.470   344.724    -4.99   11.47
 -87275.059   343.374    -4.66   10.90
 -86985.657   342.691    -2.36   11.21
 -86696.263   344.834     7.41   13.08
 -86406.879   348.724    13.44   13.59
 -86117.504   351.135     8.33   12.44
 -85828.137   351.707     1.98   10.52
 -85538.779   351.274    -1.50   10.07
 -85249.430   351.052    -0.77    9.60
 -84960.090   351.294     0.84   10.88
 -84670.759   352.659     4.72   11.00
 -84381.436   355.072     8.34   11.45
 -84092.123   357.248     7.52   11.12
 -83802.818   357.658     1.41   11.60
 -83513.522   356.838    -2.83   10.44
 -83224.235   354.207    -9.10    9.59
 -82934.956   352.472    -6.00    8.79
 -82645.687   350.310    -7.48    7.77
 -82356.426   347.143   -10.95    7.65
 -82067.174   344.593    -8.82    8.86
 -81777.931   340.191   -15.22    9.46
 -81488.697   334.953   -18.11   10.87
 -81199.472   330.457   -15.55   10.52
 -80910.255   326.724   -12.91    9.23
 -80621.047   323.199   -12.19    8.36
 -80331.848   322.304    -3.10    8.19
 -80042.658   321.358    -3.27    8.74
 -79753.477   321.199    -0.55    9.30
 -79464.304   321.207     0.03    9.24
 -79175.140   322.294     3.76    9.18
 -78885.985   324.643     8.12    7.81
 -78596.839   327.081     8.43    7.83
 -78307.702   329.756     9.25    8.59
 -78018.573   332.772    10.43    9.01
 -77729.454   336.223    11.94    8.65
 -77440.343   339.785    12.32    7.84
 -77151.240   343.478    12.78    7.02
 -76862.147   346.491    10.42    5.99
 -76573.062   348.363     6.48    6.06
 -76283.986   349.753     4.81    6.47
 -75994.919   350.594     2.91    6.43
 -75705.861   351.050     1.58    7.30
 -75416.812   351.789     2.56    8.18
 -75127.771   355.574    13.10   17.52
 -74838.739   357.008     4.96   18.76
 -74549.716   355.612    -4.83   19.12
 -74260.701   354.866    -2.58   19.47
 -73971.696   353.072    -6.21   20.32
 -73682.699   352.272    -2.77   21.18
 -73393.711   349.774    -8.64   21.25
 -73104.731   349.920     0.51   26.35
 -72815.761   350.433     1.77   26.86
 -72526.799   352.056     5.62   26.57
 -72237.846   353.445     4.81   26.35
 -71948.901   354.546     3.81   25.50
 -71659.966   354.513    -0.11   24.80
 -71371.039   352.474    -7.06   22.93
 -71082.121   346.624   -20.25    9.16
 -70793.212   345.644    -3.39    8.92
 -70504.311   345.035    -2.11    8.10
 -70215.419   343.030    -6.94    7.19
 -69926.536   340.920    -7.30    7.23
 -69637.662   337.858   -10.60    6.91
 -69348.796   334.062   -13.14    8.80
 -69059.939   330.040   -13.92   10.17
 -68771.091   325.215   -16.71   10.25
 -68482.252   320.352   -16.84    9.82
 -68193.421   314.908   -18.85    8.40
 -67904.599   310.591   -14.95    8.27
 -67615.786   307.546   -10.54    6.91
 -67326.982   305.134    -8.35    6.29
 -67038.186   303.183    -6.75    6.38
 -66749.399   300.608    -8.92    6.58
 -66460.621   298.158    -8.48    7.25
 -66171.851   296.804    -4.69    7.03
 -65883.090   296.110    -2.40    7.66
 -65594.338   296.822     2.47    7.88
 -65305.595   297.972     3.98    8.95
 -65016.860   299.576     5.56    9.37
 -64728.134   301.508     6.69    7.68
 -64439.417   301.958     1.56    7.13
 -64150.708   302.358     1.39    7.51
 -63862.008   303.739     4.78    7.87
 -63573.317   306.389     9.18    9.67
 -63284.635   308.754     8.19   10.50
 -62995.961   313.108    15.08   11.42
 -62707.296   318.491    18.65   12.40
 -62418.639   326.002    26.02   12.97
 -62129.992   331.029    17.42   12.07
 -61841.353   333.772     9.50   10.19
 -61552.722   335.151     4.78    8.71
 -61264.101   335.002    -0.52    8.74
 -60975.488   333.624    -4.78    8.98
 -60686.884   330.958    -9.24    8.89
 -60398.288   327.363   -12.46    7.90
 -60109.701   324.159   -11.10    8.05
 -59821.123   321.046   -10.79    7.75
 -59532.553   318.986    -7.14    8.17
 -59243.993   315.555   -11.89    8.04
 -58955.440   312.965    -8.98    7.88
 -58666.897   311.342    -5.63    7.33
 -58378.362   311.500     0.55    7.17
 -58089.836   310.970    -1.84    7.34
 -57801.319   310.791    -0.62    8.26
 -57512.810   310.417    -1.30    9.18
 -57224.310   311.117     2.43    9.13
 -56935.818   311.308     0.66    9.19
 -56647.335   310.088    -4.23    8.89
 -56358.861   307.508    -8.94    8.84
 -56070.396   305.408    -7.28    9.39
 -55781.939   304.884    -1.81    8.89
 -55493.490   306.330     5.01    8.17
 -55205.051   307.852     5.28    8.21
 -54916.620   310.929    10.67    9.89
 -54628.198   315.094    14.44   11.33
 -54339.784   322.068    24.18   12.59
 -54051.379   328.508    22.33   14.38
 -53762.983   334.658    21.33   14.89
 -53474.595   338.884    14.66   12.25
 -53186.216   340.643     6.10    9.74
 -52897.846   340.429    -0.74    9.02
 -52609.484   339.606    -2.85   10.14
 -52321.131   336.758    -9.88   10.34
 -52032.786   334.318    -8.46    9.19
 -51744.450   334.310    -0.03   10.86
 -51456.123   334.347     0.13   11.86
 -51167.804   334.175    -0.59   12.88
 -50879.494   333.991    -0.64   12.71
 -50591.193   333.491    -1.73   12.11
 -50302.900   333.108    -1.33   12.02
 -50014.616   329.336   -13.08   12.08
 -49726.341   324.802   -15.73   11.53
 -49438.074   318.532   -21.75   11.06
 -49149.815   312.901   -19.54   10.41
 -48861.566   307.874   -17.44   10.95
 -48573.325   302.758   -17.75   10.17
 -48285.092   298.576   -14.51    8.92
 -47996.868   295.988    -8.98    8.07
 -47708.653   295.297    -2.40    8.31
 -47420.447   296.175     3.04    9.39
 -47132.248   297.642     5.09   10.14
 -46844.059   299.208     5.43    8.62
 -46555.878   299.527     1.11    7.86
 -46267.706   298.566    -3.34    7.28
 -45979.542   296.594    -6.84    8.38
 -45691.387   293.578   -10.47    9.27
 -45403.241   289.183   -15.25   10.16
 -45115.103   285.260   -13.61   11.00
 -44826.974   279.739   -19.16   11.95
 -44538.853   274.401   -18.53   11.50
 -44250.741   272.231    -7.53    9.43
 -43962.637   271.265    -3.35    9.14
 -43674.542   271.941     2.35    9.49
 -43386.456   274.836    10.05   11.47
 -43098.378   278.208    11.70   11.81
 -42810.309   284.091    20.42   13.62
 -42522.248   288.659    15.86   14.65
 -42234.196   290.991     8.10   13.63
 -41945.559   290.458    -1.85   14.72
 -41655.659   289.723    -2.53   15.37
 -41365.769   285.347   -15.10   17.33
 -41075.887   280.901   -15.34   17.91
 -40786.014   272.643   -28.49   17.31
 -40496.149   265.868   -23.37   14.82
 -40206.293   259.183   -23.07   14.87
 -39916.446   253.558   -19.41   14.46
 -39626.607   246.858   -23.12   12.76
 -39336.778   243.342   -12.13   11.97
 -39046.956   240.691    -9.15   11.22
 -38757.144   238.160    -8.73   11.20
 -38467.340   235.793    -8.17   11.69
 -38177.545   236.041     0.86   11.88
 -37887.759   237.478     4.96   12.41
 -37597.981   236.441    -3.58   13.41
 -37308.212   233.888    -8.81   13.59
 -37018.451   230.707   -10.98   13.55
 -36728.699   228.124    -8.91   12.67
 -36438.956   223.574   -15.70   12.25
 -36149.222   221.078    -8.62   11.53
 -35859.496   217.485   -12.40   11.08
 -35569.779   214.675    -9.70   10.76
 -35280.070   211.384   -11.36    9.97
 -34990.370   208.824    -8.84    9.04
 -34700.679   205.675   -10.87    7.95
 -34410.997   204.643    -3.56    7.63
 -34121.323   202.708    -6.68    5.84
 -33831.657   201.612    -3.78    5.59
 -33542.001   200.841    -2.66    5.45
 -33252.353   199.074    -6.10    6.74
 -32962.713   196.970    -7.27    7.66
 -32673.083   193.485   -12.03    8.18
 -32383.461   189.562   -13.54    7.73
 -32093.847   186.008   -12.27    7.97
 -31804.242   182.272   -12.90    7.30
 -31514.646   178.267   -13.83    7.00
 -31225.058   176.191    -7.17    6.79
 -30935.480   173.062   -10.81    6.49
 -30645.909   171.088    -6.82    5.84
 -30356.348   168.576    -8.67    5.66
 -30066.794   166.691    -6.51    5.81
 -29777.250   163.981    -9.36    6.01
 -29487.714   161.791    -7.57    6.02
 -29198.187   159.174    -9.04    5.54
 -28908.668   159.310     0.47    6.83
 -28619.158   160.165     2.96    9.17
 -28329.657   159.626    -1.86    9.88
 -28040.164   157.838    -6.18   11.32
 -27750.680   154.494   -11.55   13.36
 -27461.204   150.820   -12.69   14.65
 -27171.737   145.913   -16.95   14.78
 -26882.279   141.977   -13.60   12.66
 -26592.829   136.314   -19.56    7.74
 -26303.388   135.224    -3.76    7.61
 -26013.956   132.058   -10.94    7.05
 -25724.532   129.485    -8.89    7.29
 -25435.116   126.740    -9.48    7.02
 -25145.709   123.814   -10.11    7.16
 -24856.311   120.301   -12.14    6.30
 -24566.922   118.058    -7.75    5.38
 -24277.541   116.574    -5.13    4.53
 -23988.168   116.014    -1.94    4.72
 -23698.804   118.056     7.06   11.25
 -23409.449   124.373    21.83   21.97
 -23120.102   133.924    33.01   32.65
 -22830.764   148.008    48.67   38.73
 -22541.435   158.511    36.30   39.97
 -22252.114   174.143    54.03   37.12
 -21962.801   185.199    38.22   33.54
 -21673.497   197.272    41.73   26.45
 -21384.202   203.891    22.88   21.03
 -21094.915   203.497    -1.36   20.27
 -20805.637   202.822    -2.33   19.93
 -20516.367   195.623   -24.89   27.47
 -20227.106   187.421   -28.36   34.35
 -19937.854   175.013   -42.90   36.98
 -19648.610   158.741   -56.26   38.89
 -19359.375   147.949   -37.31   37.98
 -19070.148   134.013   -48.18   34.71
 -18780.930   121.610   -42.89   33.13
 -18491.720   105.421   -55.98   26.93
 -18202.519    94.368   -38.22   22.96
 -17913.326    83.543   -37.43   20.59
 -17624.142    76.758   -23.47   16.07
 -17334.966    69.609   -24.72   14.32
 -17045.799    64.135   -18.93   11.67
 -16756.641    60.126   -13.86    9.59
 -16467.491    57.405    -9.41    8.68
 -16178.350    54.756    -9.16    6.95
 -15889.217    53.274    -5.13    5.43
 -15600.092    52.806    -1.62    4.46
 -15310.977    52.769    -0.13    4.08
 -15021.869    53.789     3.53    4.25
 -14732.771    54.981     4.12    3.91
 -14443.680    55.874     3.09    3.30
 -14154.599    56.074     0.69    3.19
 -13865.525    55.659    -1.44    2.67
 -13576.461    54.929    -2.52    3.02
 -13287.405    53.834    -3.79    3.20
 -12998.357    52.626    -4.18    3.43
 -12709.318    52.174    -1.56    4.26
 -12420.287    51.297    -3.03    4.91
 -12131.265    50.530    -2.66    5.60
 -11842.251    49.623    -3.14    5.58
 -11553.246    48.363    -4.36    6.34
 -11264.250    46.691    -5.79    6.38
 -10975.262    44.774    -6.63    6.11
 -10686.282    43.384    -4.81    5.66
 -10397.311    41.675    -5.92    4.29
 -10108.348    40.326    -4.67    3.60
  -9819.394    38.566    -6.09    2.74
  -9530.449    37.997    -1.97    2.97
  -9241.512    36.625    -4.75    3.11
  -8952.583    35.640    -3.41    3.19
  -8663.663    34.288    -4.68    3.18
  -8374.751    33.151    -3.93    3.42
  -8085.848    31.691    -5.05    3.27
  -7796.953    30.485    -4.18    3.40
  -7508.067    28.904    -5.47    3.13
  -7219.190    27.858    -3.62    3.23
  -6930.320    26.513    -4.65    3.24
  -6641.460    25.285    -4.25    3.20
  -6352.607    24.461    -2.85    3.24
  -6063.763    23.342    -3.88    3.36
  -5774.928    22.341    -3.46    3.18
  -5486.101    21.741    -2.08    3.18
  -5197.283    20.659    -3.75    3.72
  -4908.473    19.278    -4.78    4.08
  -4619.671    17.913    -4.73    4.35
  -4330.878    17.030    -3.06    4.31
  -4042.094    15.858    -4.06    4.38
  -3753.318    14.412    -5.01    3.96
  -3464.550    12.949    -5.07    3.03
  -3175.791    11.742    -4.18    2.43
  -2887.040    10.580    -4.02    2.28
  -2598.298     9.774    -2.79    2.29
  -2309.564     8.491    -4.44    2.31
  -2020.838     7.530    -3.33    2.84
  -1732.122     6.078    -5.03    3.45
  -1443.413     4.888    -4.12    3.55
  -1154.713     3.437    -5.02    3.24
   -866.021     2.143    -4.48    2.67
   -577.338     1.084    -3.67    1.91
   -288.663     0.776    -1.07    1.45
      0.003     0.836     0.21    1.35
    288.661     1.262     1.48    1.58
    577.310     1.627     1.26    1.77
    865.951     2.472     2.93    1.95
   1154.584     3.124     2.26    1.67
   1443.208     3.524     1.39    1.47
   1731.824     3.508    -0.06    1.37
   2020.431     3.183    -1.12    1.57
   2309.030     3.035    -0.51    1.64
   2597.621     2.910    -0.43    1.64
   2886.203     2.758    -0.53    1.56
   3174.776     3.074     1.10    1.73
   3463.342     3.117     0.15    1.72
   3751.898     3.405     1.00    1.55
   4040.447     3.691     0.99    1.27
   4328.987     3.675    -0.06    1.05
   4617.518     3.724     0.17    1.11
   4906.042     3.820     0.33    1.06
   5194.556     4.041     0.77    1.29
   5483.063     4.284     0.84    1.25
   5771.561     4.358     0.25    1.26
   6060.050     4.524     0.58    1.28
   6348.532     5.308     2.72    2.57
   6637.004     6.255     3.29    3.57
   6925.469     7.708     5.03    4.60
   7213.925     8.314     2.10    4.53
   7502.372     9.024     2.46    4.24
   7790.812     9.304     0.97    4.09
   8079.243     9.417     0.39    3.72
   8367.665     8.541    -3.04    3.54
   8656.079     7.824    -2.48    3.10
   8944.485     8.497     2.33    4.12
   9232.882     9.342     2.93    4.37
   9521.271    10.300     3.32    4.44
   9809.652    11.808     5.23    5.23
  10098.024    13.691     6.53    5.97
  10386.388    15.471     6.17    5.51
  10674.743    16.389     3.19    5.25
  10963.090    17.478     3.77    4.75
  11251.429    18.316     2.91    4.44
  11539.760    19.641     4.60    4.03
  11828.082    19.908     0.92    5.26
  12116.395    20.674     2.66    5.69
  12404.701    23.820    10.91    7.61
  12692.997    26.215     8.31    8.42
  12981.286    30.961    16.46   11.13
  13269.566    36.330    18.63   13.10
  13557.838    42.281    20.64   15.25
  13846.102    47.358    17.61   14.64
  14134.357    53.591    21.62   13.77
  14422.604    59.024    18.85   12.95
  14710.842    65.374    22.03   11.75
  14999.072    70.239    16.88   10.24
  15287.294    72.297     7.14   10.61
  15575.508    74.091     6.22   11.72
  15863.713    76.429     8.11   12.23
  16151.910    79.326    10.05   14.89
  16440.098    82.866    12.28   18.29
  16728.278    88.804    20.61   21.63
  17016.450    97.318    29.55   23.60
  17304.613   109.008    40.57   23.61
  17592.769   118.884    34.28   27.96
  17880.915   132.091    45.83   31.47
  18169.054   142.040    34.53   33.08
  18457.184   153.369    39.32   35.08
  18745.306   165.258    41.26   34.40
  19033.419   171.755    22.55   32.18
  19321.525   175.773    13.94   30.75
  19609.621   179.041    11.34   28.61
  19897.710   185.405    22.09   27.62
  20185.793   190.368    17.23   29.02
  20475.677   193.341    10.25   30.18
  20765.552   193.760     1.45   30.06
  21055.419   194.078     1.10   29.02
  21345.277   194.818     2.55   28.46
  21635.127   197.030     7.63   27.89
  21924.968   198.917     6.51   23.78
  22214.802   204.593    19.58   22.35
  22504.626   211.424    23.57   23.18
  22794.442   218.158    23.23   22.39
  23084.250   223.373    18.00   21.15
  23374.050   230.508    24.62   19.12
  23663.841   238.336    27.01   19.11
  23953.623   244.308    20.61   19.24
  24243.398   256.774    43.02   27.12
  24533.163   275.143    63.39   46.36
  24822.921   298.850    81.82   55.92
  25112.670   317.691    65.03   55.28
  25402.411   327.384    33.46   51.40
  25692.143   337.441    34.71   44.89
  25981.867   341.491    13.98   40.60
  26271.582   349.119    26.33   42.20
  26561.289   358.379    31.96   47.48
  26850.988   370.316    41.20   56.07
  27140.678   379.756    32.59   57.66
  27430.360   396.341    57.25   58.79
  27720.033   398.035     5.85   57.44
  28009.699   400.981    10.17   58.38
  28299.355   393.368   -26.28   55.16
  28589.004   380.119   -45.74   48.38
  28878.644   368.110   -41.46   40.10
  29168.275   362.950   -17.82   31.36
  29457.898   365.297     8.11   29.79
  29747.513   377.481    42.07   37.81
  30037.120   388.834    39.20   40.53
  30326.718   399.101    35.45   42.63
  30616.308   406.791    26.55   44.37
  30905.889   404.288    -8.64   40.72
  31195.462   403.191    -3.79   38.89
  31485.027   399.843   -11.56   33.74
  31774.583   401.532     5.83   30.83
  32064.131   402.511     3.38   27.12
  32353.671   411.774    31.99   30.83
  32643.202   421.341    33.04   32.59
  32932.725   433.433    41.76   30.84
  33222.239   433.723     1.00   38.46
  33511.746   414.405   -66.72   62.41
  33801.243   388.175   -90.60   83.75
  34090.733   345.658  -146.87   99.21
  34380.214   307.724  -131.04   98.83
  34669.687   263.841  -151.59   83.30
  34959.151   234.503  -101.35   61.91
  35248.608   214.232   -70.03   40.13
  35538.055   199.088   -52.32   17.87
  35827.495   191.478   -26.29    8.39
  36116.926   187.224   -14.70    6.41
  36406.349   184.297   -10.11    5.47
  36695.763   182.739    -5.39    4.75
  36985.170   182.485    -0.88    5.06
  37274.567   183.772     4.45    6.14
  37563.957   185.158     4.79    7.06
  37853.338   188.391    11.17    7.81
  38142.711   191.465    10.62    8.24
  38432.076   193.576     7.30    7.06
  38721.432   195.535     6.77    7.30
  39010.780   197.941     8.32    8.15
  39300.119   200.924    10.31    9.01
  39589.451   203.962    10.50    9.11
  39878.774   206.513     8.82    9.90
  40168.088   208.858     8.10    8.73
  40457.395   209.097     0.83    8.01
  40746.693   210.002     3.13    8.35
  41035.982   212.358     8.14    9.52
  41325.264   213.041     2.36   10.24
  41614.537   213.820     2.69   10.59
  41903.802   212.659    -4.01   10.97
  42193.059   211.897    -2.63   11.77
  42482.307   209.094    -9.69   13.61
  42771.547   204.232   -16.81   13.22
  43060.779   199.558   -16.16   12.04
  43350.002   193.793   -19.93    9.41
  43639.217   190.310   -12.04    5.37
  43928.424   188.555    -6.07    4.59
  44217.623   187.255    -4.49    4.51
  44506.813   186.052    -4.16    4.87
  44795.995   185.424    -2.17    4.50
  45085.169   185.159    -0.92    4.39
  45374.334   185.913     2.61    4.51
  45663.491   186.485     1.98    4.45
  45952.640   187.078     2.05    4.22
  46241.781   187.724     2.23    3.75
  46530.913   188.608     3.06    4.14
  46820.037   188.304    -1.05    4.82
  47109.153   188.134    -0.59    5.51
  47398.261   188.029    -0.36    5.83
  47687.360   187.725    -1.05    5.41
  47976.451   187.308    -1.44    4.62
  48265.534   186.824    -1.67    4.41
  48554.608   186.707    -0.41    4.32
  48843.675   186.373    -1.15    4.18
  49132.733   185.262    -3.84    4.45
  49421.782   183.981    -4.43    4.20
  49710.824   182.829    -3.99    3.91
  49999.857   181.241    -5.49    3.89
  50288.882   179.901    -4.64    3.74
  50577.899   178.945    -3.31    3.17
  50866.907   178.358    -2.03    3.21
  51155.908   177.625    -2.53    3.23
  51444.900   177.642     0.06    3.37
  51733.884   178.008     1.27    3.88
  52022.859   177.979    -0.10    3.81
  52311.827   178.373     1.36    4.03
  52600.786   179.052     2.35    3.95
  52889.737   180.208     4.00    4.17
  53178.679   180.829     2.15    3.81
  53467.614   182.019     4.12    4.04
  53756.540   182.610     2.05    4.08
  54045.458   183.223     2.12    3.95
  54334.368   183.405     0.63    3.76
  54623.269   183.974     1.97    3.89
  54912.163   184.091     0.40    3.55
  55201.048   184.725     2.19    3.29
  55489.925   184.660    -0.22    3.26
  55778.793   184.838     0.62    3.35
  56067.654   185.768     3.22    3.78
  56356.506   186.318     1.90    3.66
  56645.350   187.024     2.44    3.75
  56934.186   187.224     0.69    3.67
  57223.014   187.929     2.44    3.69
  57511.833   188.707     2.69    3.79
  57800.644   189.046     1.17    3.70
  58089.447   189.374     1.14    3.65
  58378.242   190.224     2.94    3.57
  58667.029   190.774     1.90    3.44
  58955.807   191.574     2.77    3.49
  59244.578   191.881     1.06    3.68
  59533.340   192.250     1.28    3.67
  59822.094   192.374     0.43    3.69
  60110.839   192.723     1.21    3.34
  60399.577   193.291     1.97    3.34
  60688.306   193.347     0.19    2.99
  60977.027   193.088    -0.90    2.88
  61265.740   192.659    -1.49    3.19
  61554.445   192.297    -1.25    3.51
  61843.142   192.013    -0.99    3.62
  62131.830   191.791    -0.77    3.84
  62420.510   192.119     1.14    4.07
  62709.182   192.855     2.55    4.38
  62997.846   193.040     0.64    4.43
  63286.502   193.471     1.49    4.70
  63575.150   193.174    -1.03    5.24
  63863.789   193.386     0.73    5.39
  64152.420   194.582     4.14    6.07
  64441.044   196.035     5.04    6.41
  64729.659   196.929     3.10    6.89
  65018.265   198.041     3.85    7.06
  65306.864   197.008    -3.58    8.02
  65595.455   196.675    -1.15    8.73
  65884.037   194.884    -6.20    8.69
  66172.611   194.056    -2.87    8.03
  66461.177   192.658    -4.84    7.61
  66749.735   192.625    -0.11    6.99
  67038.285   192.481    -0.50    6.51
  67326.826   193.041     1.94    6.11
  67615.360   194.454     4.90    5.80
  67903.885   195.612     4.01    5.87
  68192.402   196.165     1.92    5.66
  68480.911   198.578     8.36    5.90
  68769.412   200.740     7.49    6.48
  69057.905   203.274     8.78    6.67
  69346.390   206.578    11.45    6.95
  69634.866   209.126     8.83    7.08
  69923.335   210.881     6.08    7.22
  70211.795   213.593     9.40    6.91
  70500.247   216.191     9.01    6.41
  70788.691   218.524     8.09    7.06
  71077.127   220.785     7.84    7.07
  71365.555   222.789     6.95    6.64
  71653.974   224.644     6.43    6.56
  71942.386   226.074     4.96    5.48
  72230.789   227.574     5.20    5.61
  72519.185   229.024     5.03    5.38
  72807.572   230.578     5.39    5.73
  73095.951   232.949     8.22    7.68
  73384.322   237.310    15.12   11.96
  73672.685   245.207    27.38   17.15
  73961.040   254.308    31.56   20.41
  74249.386   263.108    30.52   20.69
  74537.725   272.478    32.50   17.26
  74826.056   278.723    21.66   12.56
  75114.378   282.725    13.88    7.27
  75402.692   283.199     1.65    5.91
  75690.998   282.159    -3.61    7.11
  75979.297   279.624    -8.79    9.11
  76267.587   276.560   -10.63   10.22
  76555.869   271.816   -16.45   13.05
  76844.142   266.548   -18.27   13.99
  77132.408   258.820   -26.81   16.36
  77420.666   251.555   -25.20   18.28
  77708.915   240.724   -37.57   18.92
  77997.157   231.866   -30.73   19.39
  78285.390   220.478   -39.51   23.08
  78573.616   209.597   -37.75   24.88
  78861.833   205.791   -13.21   24.83
  79150.042   200.741   -17.52   23.94
  79438.243   197.224   -12.20   22.50
  79726.437   190.949   -21.77   22.64
  80014.622   184.774   -21.43   24.21
  80302.799   176.800   -27.67   29.35
  80590.967   165.429   -39.46   32.21
  80879.128   147.606   -61.85   29.04
  81167.281   136.450   -38.72   25.23
  81455.426   123.068   -46.44   20.34
  81743.562   113.564   -32.98   15.76
  82031.691   105.933   -26.48   11.40
  82319.812   101.433   -15.62    8.84
  82609.133    97.756   -12.71    6.66
  82898.991    96.091    -5.75    4.72
  83188.841    95.846    -0.84    4.05
  83478.682    97.659     6.25    5.55
  83768.515   100.058     8.28    6.63
  84058.340   103.281    11.12    7.54
  84348.157   106.341    10.56    7.97
  84637.966   110.996    16.06    8.18
  84927.766   115.562    15.75    8.55
  85217.559   120.135    15.78    8.11
  85507.343   124.643    15.56    8.71
  85797.119   130.024    18.57   10.12
  86086.887   138.158    28.07   18.03
  86376.647   151.091    44.63   28.18
  86666.399   164.300    45.59   33.64
  86956.143   178.527    49.10   34.80
  87245.878   192.222    47.27   34.66
  87535.605   207.454    52.57   30.87
  87825.325   225.841    63.46   31.31
  88115.036   238.641    44.18   39.46
  88404.739   254.739    55.57   41.63
  88694.434   272.175    60.18   46.73
  88984.120   292.126    68.87   47.90
  89273.799   309.558    60.17   46.24
  89563.469   323.458    47.98   37.85
  89853.132   332.868    32.49   33.60
  90142.786   345.488    43.56   27.10
  90432.432   356.532    38.13   25.89
  90722.070   364.928    28.99   29.17
  91011.700   377.741    44.24   37.58
  91301.322   393.304    53.73   41.67
  91590.935   417.804    84.59   45.54
  91880.541   429.924    41.85   41.11
  92170.138   439.151    31.86   37.57
  92459.728   446.110    24.03   32.39
  92749.309   453.052    23.97   31.11
  93038.882   459.149    21.05   33.71
  93328.447   471.347    42.12   40.34
  93618.004   484.941    46.95   43.16
  93907.553   498.458    46.68   39.55
  94197.094   508.546    34.84   34.84
  94486.626   508.877     1.15   32.87
  94776.151   502.724   -21.25   35.16
  95065.667   488.508   -49.10   32.72
  95355.176   474.358   -48.87   30.99
  95644.676   463.379   -37.92   27.71
  95934.168   456.094   -25.16   26.60
  96223.653   446.908   -31.73   21.69
  96513.129   438.891   -27.69   19.56
  96802.597   430.191   -30.05   20.05
  97092.057   423.530   -23.01   20.39
  97381.508   420.088   -11.89   19.46
  97670.952   418.224    -6.44   16.93
  97960.388   415.841    -8.23   14.28
  98249.816   415.826    -0.05   12.09
  98539.235   418.506     9.26   13.06
  98828.647   422.543    13.95   13.21
  99118.050   427.945    18.66   15.35
  99407.446   432.741    16.57   15.28
  99696.833   437.758    17.33   15.00
  99986.212   441.074    11.46   13.41
 100275.583   445.772    16.23   15.49
 100564.947   451.437    19.58   18.22
 100854.302   456.320    16.87   20.37
 101143.649   464.412    27.97   23.78
 101432.988   475.030    36.69   26.89
 101722.319   485.308    35.52   27.75
 102011.642   498.030    43.97   31.44
 102300.956   504.724    23.14   30.10
 102590.263   509.810    17.58   31.87
 102879.562   513.124    11.46   41.96
 103168.853   512.937    -0.65   44.17
 103458.136   506.920   -20.80   43.56
 103747.410   505.481    -4.97   42.29
 104036.677   501.056   -15.30   34.88
 104325.935   495.852   -17.99   34.83
 104615.186   491.258   -15.88   34.00
 104904.429   490.008    -4.32   31.10
 105193.663   489.091    -3.17   27.17
 105482.890   491.056     6.79   24.37
 105772.108   492.806     6.05   22.60
 106061.319   496.860    14.02   20.60
 106350.521   503.437    22.74   16.74
 106639.715   506.924    12.06   15.93
 106928.902   508.174     4.32   14.87
 107218.080   502.802   -18.58   17.23
 107507.251   496.562   -21.58   19.77
 107796.413   492.626   -13.61   19.60
 108085.567   492.024    -2.08   17.62
 108374.714   493.174     3.98   18.28
 108663.852   496.855    12.73   19.91
 108952.982   502.183    18.43   21.64
 109242.105   504.612     8.40   20.31
 109531.219   505.640     3.56   19.51
 109820.325   504.708    -3.23   20.01
 110109.424   502.379    -8.05   19.37
 110398.514   496.901   -18.95   15.57
 110687.596   491.789   -17.68   12.99
 110976.671   485.881   -20.44   15.01
 111265.737   480.884   -17.29   18.30
 111554.796   472.911   -27.58   21.11
 111843.846   464.369   -29.55   21.72
 112132.888   451.035   -46.13   22.73
 112421.923   437.816   -45.73   25.08
 112710.949   425.108   -43.97   27.28
 112999.968   411.239   -47.98   25.99
 113288.978   401.591   -33.38   22.91
 113577.981   394.458   -24.68   20.36
 113866.975   386.174   -28.66   17.93
 114155.962   382.691   -12.05   18.16
 114444.940   377.888   -16.62   18.98
 114733.911   373.609   -14.81   17.77
 115022.874   370.991    -9.06   21.00
 115311.828   366.358   -16.03   22.90
 115600.775   359.594   -23.41   28.93
 115889.714   348.368   -38.85   36.00
 116178.644   337.532   -37.50   40.01
 116467.567   328.576   -31.00   42.03
 116756.482   317.474   -38.42   40.35
 117045.389   304.070   -46.39   33.14
 117334.288   292.373   -40.48   25.63
 117623.179   285.052   -25.34   22.86
 117912.062   280.738   -14.93   19.61
 118200.937   277.424   -11.47   16.82
 118489.804   273.258   -14.42   15.35
 118778.664   273.841     2.02   12.66
 119067.515   272.433    -4.87   14.23
 119356.358   270.707    -5.98   14.72
 119645.194   266.707   -13.85   16.33
 119934.021   262.117   -15.89   17.15
 120222.841   256.199   -20.49   18.33
 120511.652   251.274   -17.05   18.22
 120800.456   244.346   -23.99   18.77
 121089.251   238.804   -19.19   14.15
 121378.039   236.081    -9.43   12.70
 121666.819   236.288     0.72   14.67
 121955.591   237.241     3.30   15.60
 122244.355   241.996    16.47   15.72
 122533.111   248.094    21.12   15.03
 122821.859   255.532    25.76   15.43
 123110.599   262.850    25.34   17.60
 123399.332   272.058    31.89   21.80
 123688.056   278.774    23.26   21.11
 123976.773   288.241    32.79   22.05
 124265.481   295.582    25.42   22.13
 124554.182   303.041    25.84   19.20
 124842.875   313.175    35.10   27.42
 125131.559   319.824    23.03   29.54
 125420.236   330.774    37.93   29.74
 125708.905   335.624    16.80   29.53
 125997.567   342.772    24.76   27.76
 126286.220   348.310    19.19   26.10
 126574.865   356.104    27.00   25.47
 126863.503   359.265    10.95   21.83
 127152.132   364.408    17.82   19.94
 127440.754   366.191     6.18   19.39
 127729.367   369.301    10.78   19.08
 128017.973   372.836    12.25   23.13
 128306.571   373.098     0.91   23.88
 128595.161   371.806    -4.48   26.23
 128883.743   369.297    -8.69   27.68
 129172.318   369.324     0.09   27.43
 129460.884   365.806   -12.19   26.38
 129749.443   367.643     6.37   26.29
 130037.993   368.135     1.71   24.06
 130326.536   371.052    10.11   23.33
 130615.071   375.191    14.35   22.79
 130903.598   383.774    29.75   24.85
 131192.117   388.530    16.48   23.09
 131480.629   394.543    20.84   20.46
 131769.132   398.113    12.37   17.88
 132057.628   399.793     5.82   15.67
 132346.115   398.258    -5.32   14.04
 132634.595   394.808   -11.96   16.24
 132923.067   389.834   -17.24   17.51
 133211.531   386.352   -12.07   17.64
 133499.987   381.008   -18.52   17.11
 133788.436   378.675    -8.09   17.21
 134076.876   377.950    -2.51   16.58
 134365.309   382.958    17.36   20.18
 134653.734   387.019    14.08   21.11
 134942.151   392.913    20.44   22.10
 135230.560   398.386    18.97   22.70
 135518.961   407.871    32.89   24.69
 135807.355   415.576    26.71   25.57
 136095.740   423.774    28.43   27.78
 136384.118   437.183    46.49   32.02
 136672.488   451.961    51.24   35.05
 136960.850   465.135    45.68   35.81
 137249.204   476.239    38.51   34.07
 137537.550   487.572    39.30   33.15
 137825.889   494.524    24.11   34.78
 138114.220   508.433    48.23   44.73
 138402.543   523.424    51.99   57.02
 138690.858   544.358    72.60   75.98
 138979.165   566.081    75.34   83.69
 139267.464   585.608    67.73   77.52
 139555.756   593.789    28.38   70.24
 139844.040   601.094    25.34   63.65
 140132.316   597.445   -12.66   65.53
 140420.584   581.818   -54.21   63.76
 140708.844   564.970   -58.44   41.61
 140997.097   556.536   -29.26   29.72
 141285.341   553.182   -11.63   34.48
 141573.578   547.937   -18.20   40.19
 141861.807   540.596   -25.47   44.98
 142150.029   538.474    -7.36   46.35
 142438.242   532.609   -20.35   48.20
 142726.448   534.658     7.11   50.03
 143014.646   538.124    12.03   54.04
 143302.836   555.838    61.46   47.94
 143591.018   565.613    33.91   44.24
 143879.192   573.433    27.13   40.10
 144167.359   576.961    12.24   38.56
 144455.518   576.928    -0.11   39.01
 144744.316   572.174   -16.46   39.61
 145034.157   571.151    -3.53   37.93
 145323.990   571.052    -0.34   39.74
 145613.816   568.050   -10.35   44.13
 145903.633   567.858    -0.66   44.50
 146193.443   572.524    16.10   43.73
 146483.244   580.829    28.65   40.91
 146773.038   584.500    12.67   39.75
 147062.824   591.624    24.58   37.14
 147352.602   599.564    27.40   33.30
 147642.372   606.199    22.90   29.38
 147932.134   610.174    13.72   25.00
 148221.889   609.891    -0.98   23.43
 148511.635   602.046   -27.07   32.71
 148801.374   585.516   -57.05   51.48
 149091.104   569.141   -56.52   61.42
 149380.827   545.724   -80.82   62.54
 149670.542   531.091   -50.51   64.26
 149960.249   518.412   -43.76   63.49
 150249.949   512.115   -21.74   66.84
 150539.640   519.453    25.33   75.45
 150829.324   528.314    30.59   91.16
 151118.999   529.301     3.41  103.45
 151408.667   536.260    24.02  109.23
 151698.327   542.417    21.25  107.72
 151987.979   556.135    47.36  101.38
 152277.624   562.788    22.97   88.22
 152567.260   565.578     9.63   64.35
 152856.889   567.363     6.16   50.01
 153146.509   574.108    23.29   44.08
 153436.122   584.312    35.23   37.33
 153725.727   586.078     6.10   34.58
 154015.324   584.491    -5.48   31.65
 154304.914   584.625     0.46   38.88
 154594.495   590.458    20.14   51.58
 154884.069   596.013    19.18   63.96
 155173.635   614.901    65.22   73.05
 155463.193   631.072    55.84   77.18
 155752.743   648.707    60.90   72.32
 156042.285   666.174    60.32   55.66
 156331.820   676.608    36.03   47.16
 156621.347   678.216     5.56   52.77
 156910.865   679.291     3.71   54.69
 157200.376   678.035    -4.34   55.57
 157489.880   682.008    13.72   57.55
 157779.375   690.860    30.58   55.25
 158068.863   698.108    25.03   47.13
 158358.342   714.541    56.76   34.03
 158647.814   722.739    28.32   28.13
 158937.279   736.786    48.52   34.26
 159226.735   748.965    42.07   35.70
 159516.183   761.098    41.91   35.15
 159805.624   769.272    28.24   34.06
 160095.057   777.642    28.92   31.61
 160384.482   782.572    17.03   36.51
 160673.899   770.481   -41.77   57.81
 160963.309   748.454   -76.11   82.94
 161252.711   711.774  -126.73  101.86
 161542.105   685.141   -92.02  112.29
 161831.491   643.625  -143.45  108.24
 162120.869   610.072  -115.94   98.72
 162410.240   576.040  -117.60   83.15
 162699.602   559.030   -58.78   77.26
 162988.957   545.424   -47.02   66.25
 163278.304   542.424   -10.37   64.22
 163567.644   540.791    -5.64   59.93
 163856.975   549.513    30.14   63.48
 164146.299   556.008    22.44   62.43
 164435.615   570.820    51.19   63.86
 164724.923   577.774    24.04   62.66
 165014.224   576.524    -4.32   59.30
 165303.517   578.232     5.90   53.63
 165592.802   575.516    -9.39   50.62
 165882.079   571.373   -14.32   44.83
 166171.348   570.658    -2.47   40.89
 166460.610   565.391   -18.21   34.26
 166749.864   565.258    -0.46   32.66
 167039.110   569.104    13.30   35.10
 167328.348   574.281    17.90   36.81
 167617.579   579.405    17.71   35.74
 167906.801   585.224    20.12   34.64
 168196.016   586.241     3.51   35.28
 168485.224   588.874     9.10   35.89
 168774.423   585.884   -10.34   35.83
 169063.615   577.352   -29.50   35.98
 169352.799   568.786   -29.62   36.98
 169641.975   561.986   -23.51   38.13
 169931.144   551.841   -35.08   36.15
 170220.305   551.124    -2.48   38.31
 170509.458   551.488     1.26   38.27
 170798.603   552.675     4.11   38.78
 171087.741   556.139    11.98   35.22
 171376.870   560.248    14.21   35.78
 171665.992   560.933     2.37   36.47
 171955.107   554.091   -23.66   40.02
 172244.213   546.691   -25.59   40.10
 172533.312   534.754   -41.29   37.14
 172822.403   528.449   -21.81   32.96
 173111.487   524.124   -14.96   29.07
 173400.562   524.074    -0.17   25.70
 173689.630   524.064    -0.04   25.68
 173978.691   527.401    11.54   26.44
 174267.743   531.019    12.52   26.99
 174556.788   535.045    13.93   31.73
 174845.825   538.277    11.18   35.47
 175134.854   535.074   -11.08   38.60
 175423.876   536.725     5.71   39.22
 175712.890   530.850   -20.33   39.15
 176001.896   527.159   -12.77   38.14
 176290.895   522.691   -15.46   34.34
 176579.885   518.908   -13.09   30.57
 176868.869   515.541   -11.65   31.81
 177157.844   512.412   -10.83   32.17
 177446.812   506.454   -20.62   29.46
 177735.772   502.481   -13.75   28.67
 178024.724   497.381   -17.65   23.74
 178313.668   495.091    -7.92   21.25
 178602.605   495.937     2.93   19.27
 178891.535   496.658     2.50   18.05
 179180.456   500.046    11.72   17.54
 179469.370   503.199    10.91   16.24
 179758.276   504.707     5.22   15.00
 180047.174   507.541     9.81   14.27
 180336.065   511.924    15.17   15.00
 180624.948   513.986     7.14   16.08
 180913.823   515.326     4.64   16.06
 181202.691   513.391    -6.70   16.47
 181491.551   509.675   -12.86   19.19
 181780.403   505.208   -15.46   20.34
 182069.248   497.241   -27.58   20.94
 182358.085   491.724   -19.10   18.94
 182646.914   486.310   -18.74   17.21
 182935.736   481.802   -15.61   14.29
 183224.550   476.852   -17.14   11.29
 183513.356   474.047    -9.71   10.65
 183802.155   472.174    -6.48    9.16
 184090.946   473.101     3.21   10.31
 184379.729   475.658     8.85   11.71
 184668.505   478.433     9.61   13.14
 184957.273   481.381    10.21   13.86
 185246.033   485.558    14.46   13.90
 185534.786   489.108    12.29   14.01
 185823.531   490.937     6.33   15.11
 186112.268   494.723    13.11   15.95
 186400.998   497.294     8.90   15.62
 186689.720   500.453    10.94   15.64
 186978.434   503.558    10.75   14.71
 187267.141   506.524    10.27   13.97
 187555.840   508.806     7.90   13.58
 187844.531   512.850    14.01   12.61
 188133.215   516.199    11.60   11.47
 188421.891   518.396     7.61   11.40
 188710.560   519.358     3.33    9.96
 188999.221   519.491     0.46    9.40
 189287.874   519.625     0.47   10.31
 189576.520   517.580    -7.09   11.38
 189865.158   516.961    -2.14   11.15
 190153.788   517.347     1.34   10.80
 190442.411   519.437     7.24   11.77
 190731.026   520.774     4.63   11.54
 191019.633   523.772    10.38   11.19
 191308.233   527.974    14.56   10.79
 191596.826   532.373    15.24    8.80
 191885.410   534.622     7.79    7.91
 192173.987   537.924    11.44    8.97
 192462.557   540.691     9.59    9.54
 192751.118   544.401    12.85    9.75
 193039.672   549.933    19.17   11.79
 193328.219   555.707    20.01   14.25
 193616.758   561.062    18.56   14.48
 193905.289   565.558    15.58   14.21
 194193.813   571.324    19.98   13.91
 194482.329   577.347    20.87   12.76
 194770.838   581.062    12.88   10.76
 195059.339   581.691     2.18    8.54
 195347.832   583.068     4.77    7.16
 195636.318   583.379     1.08    5.78
 195924.796   581.658    -5.97    5.48
 196213.266   581.675     0.06    5.20
 196501.729   581.564    -0.38    5.43
 196790.185   582.389     2.86    6.13
 197078.632   582.674     0.99    6.34
 197367.072   582.991     1.10    7.03
 197655.505   582.041    -3.29    7.18
 197943.930   582.804     2.64    7.32
 198232.347   583.314     1.77    7.20
 198520.757   584.088     2.68    7.38
 198809.160   586.191     7.29    8.36
 199097.554   589.291    10.75    8.66
 199385.941   592.691    11.79    8.51
 199674.321   594.961     7.87    8.32
 199962.693   596.304     4.66    7.88
 200251.057   597.500     4.15    6.86
 200539.414   598.901     4.86    6.39
 200827.763   599.758     2.97    6.26
 201116.105   601.824     7.17    6.90
 201404.439   603.624     6.24    6.46
 201692.765   604.368     2.58    6.36
 201981.084   603.765    -2.09    6.60
 202269.396   602.548    -4.22    7.81
 202557.700   601.441    -3.84    7.82
