-274145.359    -2.467     0.00    0.00
-273856.502    -2.467     0.00    0.00
-273567.656    -2.467     0.00    0.00
-273278.821    -2.467     0.00    0.00
-272989.997    -2.467     0.00    0.00
-272701.182    -2.467     0.00    0.00
-272412.379    -2.467     0.00    0.00
-272123.586    -2.467     0.00    0.00
-271834.804    -2.467     0.00    0.00
-271546.032    -2.467     0.00    0.00
-271257.271    -2.467     0.00    0.00
-270968.520    -2.467     0.00    0.00
-270679.780    -2.467     0.00    0.00
-270391.050    -2.467     0.00    0.00
-270102.331    -2.467     0.00    0.00
-269813.623    -2.467     0.00    0.00
-269524.925    -2.467     0.00    0.00
-269236.237    -2.467     0.00    0.00
-268947.561    -2.467     0.00    0.00
-268658.894    -2.467     0.00    0.00
-268370.238    -2.467     0.00    0.00
-268081.593    -2.467     0.00    0.00
-267792.959    -2.467     0.00    0.00
-267504.334    -2.467     0.00    0.00
-267215.721    -2.467     0.00    0.00
-266927.118    -2.467     0.00    0.00
-266638.525    -2.467     0.00    0.00
-266349.943    -2.467     0.00    0.00
-266061.372    -2.467     0.00    0.00
-265772.811    -2.467     0.00    0.00
-265484.260    -2.467     0.00    0.00
-265195.720    -2.467     0.00    0.00
-264907.191    -2.467     0.00    0.00
-264618.672    -2.467     0.00    0.00
-264330.163    -2.467     0.00    0.00
-264041.665    -2.467     0.00    0.00
-263753.178    -2.467     0.00    0.00
-263464.701    -2.467     0.00    0.00
-263176.235    -2.467     0.00    0.00
-262887.779    -2.467     0.00    0.00
-262599.333    -2.467     0.00    0.00
-262310.898    -2.467     0.00    0.00
-262022.474    -2.467     0.00    0.00
-261734.060    -2.467     0.00    0.00
-261445.657    -2.467     0.00    0.00
-261157.264    -2.467     0.00    0.00
-260868.881    -2.467     0.00    0.00
-260580.509    -2.467     0.00    0.00
-260292.148    -2.467     0.00    0.00
-260003.797    -2.467     0.00    0.00
-259715.456    -2.467     0.00    0.00
-259427.126    -2.467     0.00    0.00
-259138.807    -2.467     0.00    0.00
-258850.498    -2.467     0.00    0.00
-258562.199    -2.467     0.00    0.00
-258273.911    -2.467     0.00    0.00
-257985.633    -2.467     0.00    0.00
-257697.366    -2.467     0.00    0.00
-257409.109    -2.467     0.00    0.00
-257120.863    -2.467     0.00    0.00
-256832.627    -2.467     0.00    0.00
-256544.401    -2.467     0.00    0.00
-256256.186    -2.467     0.00    0.00
-255967.982    -2.467     0.00    0.00
-255679.788    -2.467     0.00    0.00
-255391.604    -2.467     0.00    0.00
-255103.431    -2.467     0.00    0.00
-254815.268    -2.467     0.00    0.00
-254527.116    -2.467     0.00    0.00
-254238.974    -2.467     0.00    0.00
-253950.843    -2.467     0.00    0.00
-253662.722    -2.467     0.00    0.00
-253374.611    -2.467     0.00    0.00
-253086.511    -2.467     0.00    0.00
-252798.421    -2.467     0.00    0.00
-252510.342    -2.467     0.00    0.00
-252222.273    -2.467     0.00    0.00
-251934.215    -2.467     0.00    0.00
-251646.167    -2.467     0.00    0.00
-251358.129    -2.467     0.00    0.00
-251070.102    -2.467     0.00    0.00
-250782.085    -2.467     0.00    0.00
-250494.079    -2.467     0.00    0.00
-250206.083    -2.467     0.00    0.00
-249918.098    -2.467     0.00    0.00
-249630.123    -2.467     0.00    0.00
-249342.158    -2.467     0.00    0.00
-249054.204    -2.467     0.00    0.00
-248766.260    -2.467     0.00    0.00
-248478.326    -2.467     0.00    0.00
-248190.403    -2.467     0.00    0.00
-247902.490    -2.467     0.00    0.00
-247614.588    -2.467     0.00    0.00
-247326.696    -2.467     0.00    0.00
-247038.815    -2.467     0.00    0.00
-246750.943    -2.467     0.00    0.00
-246463.083    -2.467     0.00    0.00
-246175.232    -2.467     0.00    0.00
-245887.392    -2.467     0.00    0.00
-245599.563    -2.467     0.00    0.00
-245311.743    -2.467     0.00    0.00
-245023.934    -2.467     0.00    0.00
-244736.136    -2.467     0.00    0.00
-244448.348    -2.467     0.00    0.00
-244159.870    -2.467     0.00    0.00
-243869.842    -2.467     0.00    0.00
-243579.825    -2.467     0.00    0.00
-243289.819    -2.467     0.00    0.00
-242999.823    -2.467     0.00    0.00
-242709.837    -2.467     0.00    0.00
-242419.862    -2.467     0.00    0.00
-242129.898    -2.467     0.00    0.00
-241839.944    -2.467     0.00    0.00
-241550.001    -2.467     0.00    0.00
-241260.068    -2.467     0.00    0.00
-240970.146    -2.467     0.00    0.00
-240680.234    -2.467     0.00    0.00
-240390.333    -2.467     0.00    0.00
-240100.442    -2.467     0.00    0.00
-239810.562    -2.467     0.00    0.00
-239520.693    -2.467     0.00    0.00
-239230.833    -2.467     0.00    0.00
-238940.985    -2.467     0.00    0.00
-238651.147    -2.467     0.00    0.00
-238361.319    -2.467     0.00    0.00
-238071.502    -2.467     0.00    0.00
-237781.696    -2.467     0.00    0.00
-237491.900    -2.467     0.00    0.00
-237202.114    -2.467     0.00    0.00
-236912.339    -2.467     0.00    0.00
-236622.575    -2.467     0.00    0.00
-236332.821    -2.467     0.00    0.00
-236043.077    -2.467     0.00    0.00
-235753.344    -2.467     0.00    0.00
-235463.622    -2.467     0.00    0.00
-235173.910    -2.467     0.00    0.00
-234884.208    -2.467     0.00    0.00
-234594.517    -2.467     0.00    0.00
-234304.836    -2.467     0.00    0.00
-234015.166    -2.467     0.00    0.00
-233725.507    -2.467     0.00    0.00
-233435.858    -2.467     0.00    0.00
-233146.219    -2.467     0.00    0.00
-232856.591    -2.467     0.00    0.00
-232566.973    -2.467     0.00    0.00
-232277.366    -2.467     0.00    0.00
-231987.769    -2.467     0.00    0.00
-231698.183    -2.467     0.00    0.00
-231408.607    -2.467     0.00    0.00
-231119.041    -2.467     0.00    0.00
-230829.486    -2.467     0.00    0.00
-230539.942    -2.467     0.00    0.00
-230250.408    -2.467     0.00    0.00
-229960.884    -2.467     0.00    0.00
-229671.371    -2.467     0.00    0.00
-229381.868    -2.467     0.00    0.00
-229092.376    -2.467     0.00    0.00
-228802.894    -2.467     0.00    0.00
-228513.423    -2.467     0.00    0.00
-228223.962    -2.467     0.00    0.00
-227934.512    -2.467     0.00    0.00
-227645.072    -2.467     0.00    0.00
-227355.642    -2.467     0.00    0.00
-227066.223    -2.467     0.00    0.00
-226776.814    -2.467     0.00    0.00
-226487.416    -2.467     0.00    0.00
-226198.028    -2.467     0.00    0.00
-225908.650    -2.467     0.00    0.00
-225619.283    -2.467     0.00    0.00
-225329.927    -2.467     0.00    0.00
-225040.580    -2.467     0.00    0.00
-224751.245    -2.467     0.00    0.00
-224461.919    -2.467     0.00    0.00
-224172.604    -2.467     0.00    0.00
-223883.300    -2.467     0.00    0.00
-223594.005    -2.467     0.00    0.00
-223304.722    -2.467     0.00    0.00
-223015.448    -2.467     0.00    0.00
-222726.185    -2.467     0.00    0.00
-222436.933    -2.467     0.00    0.00
-222147.691    -2.467     0.00    0.00
-221858.459    -2.467     0.00    0.00
-221569.238    -2.467     0.00    0.00
-221280.027    -2.467     0.00    0.00
-220990.826    -2.467     0.00    0.00
-220701.636    -2.467     0.00    0.00
-220412.456    -2.467     0.00    0.00
-220123.286    -2.467     0.00    0.00
-219834.127    -2.467     0.00    0.00
-219544.979    -2.467     0.00    0.00
-219255.840    -2.467     0.00    0.00
-218966.712    -2.467     0.00    0.00
-218677.595    -2.467     0.00    0.00
-218388.488    -2.467     0.00    0.00
-218099.391    -2.467     0.00    0.00
-217810.304    -2.467     0.00    0.00
-217521.228    -2.467     0.00    0.00
-217232.163    -2.467     0.00    0.00
-216943.107    -2.467     0.00    0.00
-216654.062    -2.467     0.00    0.00
-216365.028    -2.467     0.00    0.00
-216076.003    -2.467     0.00    0.00
-215786.989    -2.467     0.00    0.00
-215497.986    -2.467     0.00    0.00
-215208.992    -2.467     0.00    0.00
-214920.010    -2.467     0.00    0.00
-214631.037    -2.467     0.00    0.00
-214342.075    -2.467     0.00    0.00
-214053.123    -2.467     0.00    0.00
-213764.181    -2.467     0.00    0.00
-213475.250    -2.467     0.00    0.00
-213186.329    -2.467     0.00    0.00
-212897.419    -2.467     0.00    0.00
-212608.518    -2.467     0.00    0.00
-212319.628    -2.467     0.00    0.00
-212030.749    -2.467     0.00    0.00
-211741.880    -2.467     0.00    0.00
-211453.021    -2.467     0.00    0.00
-211164.172    -2.467     0.00    0.00
-210875.334    -2.467     0.00    0.00
-210586.506    -2.467     0.00    0.00
-210297.688    -2.467     0.00    0.00
-210008.881    -2.467     0.00    0.00
-209720.084    -2.467     0.00    0.00
-209431.297    -2.467     0.00    0.00
-209142.521    -2.467     0.00    0.00
-208853.754    -2.467     0.00    0.00
-208564.999    -2.467     0.00    0.00
-208276.253    -2.467     0.00    0.00
-207987.518    -2.467     0.00    0.00
-207698.793    -2.467     0.00    0.00
-207410.078    -2.467     0.00    0.00
-207121.374    -2.467     0.00    0.00
-206832.680    -2.467     0.00    0.00
-206543.996    -2.467     0.00    0.00
-206255.323    -2.467     0.00    0.00
-205966.659    -2.467     0.00    0.00
-205678.006    -2.467     0.00    0.00
-205389.364    -2.467     0.00    0.00
-205100.731    -2.467     0.00    0.00
-204812.109    -2.467     0.00    0.00
-204523.497    -2.467     0.00    0.00
-204234.896    -2.467     0.00    0.00
-203946.304    -2.467     0.00    0.00
-203657.723    -2.467     0.00    0.00
-203369.153    -2.467     0.00    0.00
-203080.592    -2.467     0.00    0.00
-202792.042    -2.467     0.00    0.00
-202503.502    -2.467     0.00    0.00
-202214.972    -2.467     0.00    0.00
-201926.453    -2.467     0.00    0.00
-201637.943    -2.467     0.00    0.00
-201349.444    -2.467     0.00    0.00
-201060.956    -2.467     0.00    0.00
-200772.477    -2.467     0.00    0.00
-200484.009    -2.467     0.00    0.00
-200195.551    -2.467     0.00    0.00
-199907.103    -2.467     0.00    0.00
-199618.666    -2.467     0.00    0.00
-199330.238    -2.467     0.00    0.00
-199041.821    -2.467     0.00    0.00
-198753.414    -2.467     0.00    0.00
-198465.018    -2.467     0.00    0.00
-198176.632    -2.467     0.00    0.00
-197888.255    -2.467     0.00    0.00
-197599.889    -2.467     0.00    0.00
-197311.534    -2.467     0.00    0.00
-197023.188    -2.467     0.00    0.00
-196734.853    -2.467     0.00    0.00
-196446.528    -2.467     0.00    0.00
-196158.213    -2.467     0.00    0.00
-195869.908    -2.467     0.00    0.00
-195581.614    -2.467     0.00    0.00
-195293.330    -2.467     0.00    0.00
-195005.056    -2.467     0.00    0.00
-194716.792    -2.467     0.00    0.00
-194428.538    -2.467     0.00    0.00
-194140.295    -2.467     0.00    0.00
-193852.062    -2.467     0.00    0.00
-193563.839    -2.467     0.00    0.00
-193275.626    -2.467     0.00    0.00
-192987.423    -2.467     0.00    0.00
-192699.231    -2.467     0.00    0.00
-192411.049    -2.467     0.00    0.00
-192122.877    -2.467     0.00    0.00
-191834.715    -2.467     0.00    0.00
-191546.563    -2.467     0.00    0.00
-191258.422    -2.467     0.00    0.00
-190970.290    -2.467     0.00    0.00
-190682.169    -2.467     0.00    0.00
-190394.058    -2.467     0.00    0.00
-190105.957    -2.467     0.00    0.00
-189817.867    -2.467     0.00    0.00
-189529.786    -2.467     0.00    0.00
-189241.716    -2.467     0.00    0.00
-188953.656    -2.467     0.00    0.00
-188665.606    -2.467     0.00    0.00
-188377.566    -2.467     0.00    0.00
-188089.536    -2.467     0.00    0.00
-187801.517    -2.467     0.00    0.00
-187513.507    -2.467     0.00    0.00
-187225.508    -2.467     0.00    0.00
-186937.519    -2.467     0.00    0.00
-186649.540    -2.467     0.00    0.00
-186361.571    -2.467     0.00    0.00
-186073.613    -2.467     0.00    0.00
-185785.664    -2.467     0.00    0.00
-185497.726    -2.467     0.00    0.00
-185209.798    -2.467     0.00    0.00
-184921.880    -2.467     0.00    0.00
-184633.972    -2.467     0.00    0.00
-184346.074    -2.467     0.00    0.00
-184058.186    -2.467     0.00    0.00
-183770.309    -2.467     0.00    0.00
-183482.441    -2.467     0.00    0.00
-183194.584    -2.467     0.00    0.00
-182906.737    -2.467     0.00    0.00
-182618.900    -2.467     0.00    0.00
-182331.073    -2.467     0.00    0.00
-182043.256    -2.467     0.00    0.00
-181753.275    -2.467     0.00    0.00
-181463.274    -2.467     0.00    0.00
-181173.283    -2.467     0.00    0.00
-180883.302    -2.467     0.00    0.00
-180593.332    -2.467     0.00    0.00
-180303.372    -2.467     0.00    0.00
-180013.422    -2.467     0.00    0.00
-179723.483    -2.467     0.00    0.00
-179433.554    -2.467     0.00    0.00
-179143.635    -2.467     0.00    0.00
-178853.726    -2.467     0.00    0.00
-178563.828    -2.467     0.00    0.00
-178273.940    -2.467     0.00    0.00
-177984.062    -2.467     0.00    0.00
-177694.194    -2.467     0.00    0.00
-177404.337    -2.467     0.00    0.00
-177114.490    -2.467     0.00    0.00
-176824.653    -2.467     0.00    0.00
-176534.827    -2.467     0.00    0.00
-176245.011    -2.467     0.00    0.00
-175955.204    -2.467     0.00    0.00
-175665.409    -2.467     0.00    0.00
-175375.623    -2.467     0.00    0.00
-175085.848    -2.467     0.00    0.00
-174796.083    -2.467     0.00    0.00
-174506.328    -2.467     0.00    0.00
-174216.583    -2.467     0.00    0.00
-173926.849    -2.467     0.00    0.00
-173637.125    -2.467     0.00    0.00
-173347.411    -2.467     0.00    0.00
-173057.707    -2.467     0.00    0.00
-172768.014    -2.467     0.00    0.00
-172478.331    -2.467     0.00    0.00
-172188.658    -2.467     0.00    0.00
-171898.995    -2.467     0.00    0.00
-171609.343    -2.467     0.00    0.00
-171319.700    -2.467     0.00    0.00
-171030.068    -2.467     0.00    0.00
-170740.446    -2.467     0.00    0.00
-170450.835    -2.467     0.00    0.00
-170161.233    -2.467     0.00    0.00
-169871.642    -2.467     0.00    0.00
-169582.061    -2.467     0.00    0.00
-169292.490    -2.467     0.00    0.00
-169002.929    -2.467     0.00    0.00
-168713.379    -2.467     0.00    0.00
-168423.839    -2.467     0.00    0.00
-168134.309    -2.467     0.00    0.00
-167844.789    -2.467     0.00    0.00
-167555.279    -2.467     0.00    0.00
-167265.780    -2.467     0.00    0.00
-166976.290    -2.467     0.00    0.00
-166686.811    -2.467     0.00    0.00
-166397.342    -2.467     0.00    0.00
-166107.883    -2.467     0.00    0.00
-165818.435    -2.467     0.00    0.00
-165528.996    -2.467     0.00    0.00
-165239.568    -2.467     0.00    0.00
-164950.150    -2.467     0.00    0.00
-164660.742    -2.467     0.00    0.00
-164371.345    -2.467     0.00    0.00
-164081.957    -2.467     0.00    0.00
-163792.580    -2.467     0.00    0.00
-163503.212    -2.467     0.00    0.00
-163213.855    -2.467     0.00    0.00
-162924.508    -2.467     0.00    0.00
-162635.172    -2.467     0.00    0.00
-162345.845    -2.467     0.00    0.00
-162056.529    -2.467     0.00    0.00
-161767.222    -2.467     0.00    0.00
-161477.926    -2.467     0.00    0.00
-161188.640    -2.467     0.00    0.00
-160899.364    -2.467     0.00    0.00
-160610.099    -2.467     0.00    0.00
-160320.843    -2.467     0.00    0.00
-160031.598    -2.467     0.00    0.00
-159742.362    -2.467     0.00    0.00
-159453.137    -2.467     0.00    0.00
-159163.922    -2.467     0.00    0.00
-158874.717    -2.467     0.00    0.00
-158585.522    -2.467     0.00    0.00
-158296.338    -2.467     0.00    0.00
-158007.163    -2.467     0.00    0.00
-157717.999    -2.467     0.00    0.00
-157428.845    -2.467     0.00    0.00
-157139.700    -2.467     0.00    0.00
-156850.566    -2.467     0.00    0.00
-156561.442    -2.467     0.00    0.00
-156272.329    -2.467     0.00    0.00
-155983.225    -2.467     0.00    0.00
-155694.131    -2.467     0.00    0.00
-155405.048    -2.467     0.00    0.00
-155115.974    -2.467     0.00    0.00
-154826.911    -2.467     0.00    0.00
-154537.858    -2.467     0.00    0.00
-154248.815    -2.467     0.00    0.00
-153959.782    -2.467     0.00    0.00
-153670.759    -2.467     0.00    0.00
-153381.746    -2.467     0.00    0.00
-153092.743    -2.467     0.00    0.00
-152803.751    -2.467     0.00    0.00
-152514.768    -2.467     0.00    0.00
-152225.796    -2.467     0.00    0.00
-151936.833    -2.467     0.00    0.00
-151647.881    -2.467     0.00    0.00
-151358.939    -2.467     0.00    0.00
-151070.007    -2.467     0.00    0.00
-150781.085    -2.467     0.00    0.00
-150492.173    -2.467     0.00    0.00
-150203.271    -2.467     0.00    0.00
-149914.379    -2.467     0.00    0.00
-149625.497    -2.467     0.00    0.00
-149336.625    -2.467     0.00    0.00
-149047.764    -2.467     0.00    0.00
-148758.912    -2.467     0.00    0.00
-148470.070    -2.467     0.00    0.00
-148181.239    -2.467     0.00    0.00
-147892.417    -2.467     0.00    0.00
-147603.606    -2.467     0.00    0.00
-147314.805    -2.467     0.00    0.00
-147026.013    -2.467     0.00    0.00
-146737.232    -2.467     0.00    0.00
-146448.461    -2.467     0.00    0.00
-146159.700    -2.467     0.00    0.00
-145870.949    -2.467     0.00    0.00
-145582.208    -2.467     0.00    0.00
-145293.477    -2.467     0.00    0.00
-145004.756    -2.467     0.00    0.00
-144716.045    -2.467     0.00    0.00
-144427.344    -2.467     0.00    0.00
-144138.653    -2.467     0.00    0.00
-143849.972    -2.467     0.00    0.00
-143561.301    -2.467     0.00    0.00
-143272.640    -2.467     0.00    0.00
-142983.989    -2.467     0.00    0.00
-142695.348    -2.467     0.00    0.00
-142406.718    -2.467     0.00    0.00
-142118.097    -2.467     0.00    0.00
-141829.486    -2.467     0.00    0.00
-141540.885    -2.467     0.00    0.00
-141252.294    -2.467     0.00    0.00
-140963.714    -2.467     0.00    0.00
-140675.143    -2.467     0.00    0.00
-140386.582    -2.467     0.00    0.00
-140098.032    -2.467     0.00    0.00
-139809.491    -2.467     0.00    0.00
-139520.960    -2.467     0.00    0.00
-139232.439    -2.467     0.00    0.00
-138943.928    -2.467     0.00    0.00
-138655.428    -2.467     0.00    0.00
-138366.937    -2.467     0.00    0.00
-138078.456    -2.467     0.00    0.00
-137789.985    -2.467     0.00    0.00
-137501.524    -2.467     0.00    0.00
-137213.074    -2.467     0.00    0.00
-136924.633    -2.467     0.00    0.00
-136636.202    -2.467     0.00    0.00
-136347.781    -2.467     0.00    0.00
-136059.370    -2.467     0.00    0.00
-135770.969    -2.467     0.00    0.00
-135482.578    -2.467     0.00    0.00
-135194.197    -2.467     0.00    0.00
-134905.826    -2.467     0.00    0.00
-134617.465    -2.467     0.00    0.00
-134329.114    -2.467     0.00    0.00
-134040.772    -2.467     0.00    0.00
-133752.441    -2.467     0.00    0.00
-133464.120    -2.467     0.00    0.00
-133175.808    -2.467     0.00    0.00
-132887.507    -2.467     0.00    0.00
-132599.216    -2.467     0.00    0.00
-132310.934    -2.467     0.00    0.00
-132022.663    -2.467     0.00    0.00
-131734.401    -2.467     0.00    0.00
-131446.149    -2.467     0.00    0.00
-131157.908    -2.467     0.00    0.00
-130869.676    -2.467     0.00    0.00
-130581.454    -2.467     0.00    0.00
-130293.242    -2.467     0.00    0.00
-130005.040    -2.467     0.00    0.00
-129716.848    -2.467     0.00    0.00
-129428.666    -2.467     0.00    0.00
-129140.494    -2.467     0.00    0.00
-128852.331    -2.467     0.00    0.00
-128564.179    -2.467     0.00    0.00
-128276.037    -2.467     0.00    0.00
-127987.904    -2.467     0.00    0.00
-127699.781    -2.467     0.00    0.00
-127411.669    -2.467     0.00    0.00
-127123.566    -2.467     0.00    0.00
-126835.473    -2.467     0.00    0.00
-126547.390    -2.467     0.00    0.00
-126259.317    -2.467     0.00    0.00
-125971.254    -2.467     0.00    0.00
-125683.201    -2.467     0.00    0.00
-125395.157    -2.467     0.00    0.00
-125107.124    -2.467     0.00    0.00
-124819.100    -2.467     0.00    0.00
-124531.087    -2.467     0.00    0.00
-124243.083    -2.467     0.00    0.00
-123955.089    -2.467     0.00    0.00
-123667.105    -2.467     0.00    0.00
-123379.131    -2.467     0.00    0.00
-123091.166    -2.467     0.00    0.00
-122803.212    -2.467     0.00    0.00
-122515.268    -2.467     0.00    0.00
-122227.333    -2.467     0.00    0.00
-121939.408    -2.467     0.00    0.00
-121651.493    -2.467     0.00    0.00
-121363.589    -2.467     0.00    0.00
-121075.693    -2.467     0.00    0.00
-120787.808    -2.467     0.00    0.00
-120499.933    -2.467     0.00    0.00
-120212.067    -2.467     0.00    0.00
-119924.212    -2.467     0.00    0.00
-119634.933    -2.467     0.00    0.00
-119344.946    -2.467     0.00    0.00
-119054.969    -2.467     0.00    0.00
-118765.002    -2.467     0.00    0.00
-118475.045    -2.467     0.00    0.00
-118185.098    -2.467     0.00    0.00
-117895.161    -2.467     0.00    0.00
-117605.234    -2.467     0.00    0.00
-117315.317    -2.467     0.00    0.00
-117025.410    -2.467     0.00    0.00
-116735.513    -2.467     0.00    0.00
-116445.626    -2.467     0.00    0.00
-116155.749    -2.467     0.00    0.00
-115865.883    -2.467     0.00    0.00
-115576.026    -2.467     0.00    0.00
-115286.179    -2.467     0.00    0.00
-114996.342    -2.467     0.00    0.00
-114706.515    -2.467     0.00    0.00
-114416.698    -2.467     0.00    0.00
-114126.891    -2.467     0.00    0.00
-113837.094    -2.467     0.00    0.00
-113547.307    -2.467     0.00    0.00
-113257.530    -2.467     0.00    0.00
-112967.763    -2.467     0.00    0.00
-112678.006    -2.467     0.00    0.00
-112388.259    -2.467     0.00    0.00
-112098.522    -2.467     0.00    0.00
-111808.795    -2.467     0.00    0.00
-111519.078    -2.467     0.00    0.00
-111229.371    -2.467     0.00    0.00
-110939.674    -2.467     0.00    0.00
-110649.986    -2.467     0.00    0.00
-110360.309    -2.467     0.00    0.00
-110070.642    -2.467     0.00    0.00
-109780.984    -2.467     0.00    0.00
-109491.337    -2.467     0.00    0.00
-109201.700    -2.467     0.00    0.00
-108912.072    -2.467     0.00    0.00
-108622.455    -2.467     0.00    0.00
-108332.847    -2.467     0.00    0.00
-108043.250    -2.467     0.00    0.00
-107753.662    -2.467     0.00    0.00
-107464.084    -2.467     0.00    0.00
-107174.516    -2.467     0.00    0.00
-106884.959    -2.467     0.00    0.00
-106595.411    -2.467     0.00    0.00
-106305.873    -2.467     0.00    0.00
-106016.345    -2.467     0.00    0.00
-105726.827    -2.467     0.00    0.00
-105437.319    -2.467     0.00    0.00
-105147.820    -2.467     0.00    0.00
-104858.332    -2.467     0.00    0.00
-104568.854    -2.467     0.00    0.00
-104279.385    -2.467     0.00    0.00
-103989.927    -2.467     0.00    0.00
-103700.478    -2.467     0.00    0.00
-103411.039    -2.467     0.00    0.00
-103121.611    -2.467     0.00    0.00
-102832.192    -2.467     0.00    0.00
-102542.783    -2.467     0.00    0.00
-102253.384    -2.467     0.00    0.00
-101963.995    -2.467     0.00    0.00
-101674.615    -2.467     0.00    0.00
-101385.246    -2.467     0.00    0.00
-101095.887    -2.467     0.00    0.00
-100806.537    -2.467     0.00    0.00
-100517.197    -2.467     0.00    0.00
-100227.868    -2.467     0.00    0.00
 -99938.548    -2.467     0.00    0.00
 -99649.238    -2.467     0.00    0.00
 -99359.938    -2.467     0.00    0.00
 -99070.648    -2.467     0.00    0.00
 -98781.367    -2.467     0.00    0.00
 -98492.097    -2.467     0.00    0.00
 -98202.836    -2.467     0.00    0.00
 -97913.586    -2.467     0.00    0.00
 -97624.345    -2.467     0.00    0.00
 -97335.114    -2.467     0.00    0.00
 -97045.893    -2.467     0.00    0.00
 -96756.682    -2.467     0.00    0.00
 -96467.481    -2.467     0.00    0.00
 -96178.289    -2.467     0.00    0.00
 -95889.108    -2.467     0.00    0.00
 -95599.936    -2.467     0.00    0.00
 -95310.774    -2.467     0.00    0.00
 -95021.622    -2.467     0.00    0.00
 -94732.480    -2.467     0.00    0.00
 -94443.348    -2.467     0.00    0.00
 -94154.225    -2.467     0.00    0.00
 -93865.113    -2.467     0.00    0.00
 -93576.010    -2.467     0.00    0.00
 -93286.917    -2.467     0.00    0.00
 -92997.834    -2.467     0.00    0.00
 -92708.761    -2.467     0.00    0.00
 -92419.698    -2.467     0.00    0.00
 -92130.644    -2.467     0.00    0.00
 -91841.601    -2.467     0.00    0.00
 -91552.567    -2.467     0.00    0.00
 -91263.543    -2.467     0.00    0.00
 -90974.529    -2.467     0.00    0.00
 -90685.524    -2.467     0.00    0.00
 -90396.530    -2.467     0.00    0.00
 -90107.545    -2.467     0.00    0.00
 -89818.570    -2.467     0.00    0.00
 -89529.605    -2.467     0.00    0.00
 -89240.650    -2.467     0.00    0.00
 -88951.705    -2.467     0.00    0.00
 -88662.769    -2.467     0.00    0.00
 -88373.844    -2.467     0.00    0.00
 -88084.928    -2.467     0.00    0.00
 -87796.022    -2.467     0.00    0.00
 -87507.125    -2.467     0.00    0.00
 -87218.239    -2.467     0.00    0.00
 -86929.362    -2.467     0.00    0.00
 -86640.495    -2.467     0.00    0.00
 -86351.638    -2.467     0.00    0.00
 -86062.791    -2.467     0.00    0.00
 -85773.953    -2.467     0.00    0.00
 -85485.126    -2.467     0.00    0.00
 -85196.308    -2.467     0.00    0.00
 -84907.499    -2.467     0.00    0.00
 -84618.701    -2.467     0.00    0.00
 -84329.913    -2.467     0.00    0.00
 -84041.134    -2.467     0.00    0.00
 -83752.365    -2.467     0.00    0.00
 -83463.606    -2.467     0.00    0.00
 -83174.856    -2.467     0.00    0.00
 -82886.117    -2.467     0.00    0.00
 -82597.387    -2.467     0.00    0.00
 -82308.667    -2.467     0.00    0.00
 -82019.956    -2.467     0.00    0.00
 -81731.256    -2.467     0.00    0.00
 -81442.565    -2.467     0.00    0.00
 -81153.884    -2.467     0.00    0.00
 -80865.213    -2.467     0.00    0.00
 -80576.551    -2.467     0.00    0.00
 -80287.899    -2.467     0.00    0.00
 -79999.257    -2.467     0.00    0.00
 -79710.625    -2.467     0.00    0.00
 -79422.003    -2.467     0.00    0.00
 -79133.390    -2.467     0.00    0.00
 -78844.787    -2.467     0.00    0.00
 -78556.194    -2.467     0.00    0.00
 -78267.610    -2.467     0.00    0.00
 -77979.037    -2.467     0.00    0.00
 -77690.473    -2.467     0.00    0.00
 -77401.918    -2.467     0.00    0.00
 -77113.374    -2.467     0.00    0.00
 -76824.839    -2.467     0.00    0.00
 -76536.314    -2.467     0.00    0.00
 -76247.799    -2.467     0.00    0.00
 -75959.293    -2.467     0.00    0.00
 -75670.797    -2.467     0.00    0.00
 -75382.311    -2.467     0.00    0.00
 -75093.835    -2.467     0.00    0.00
 -74805.368    -2.467     0.00    0.00
 -74516.911    -2.467     0.00    0.00
 -74228.464    -2.467     0.00    0.00
 -73940.026    -2.467     0.00    0.00
 -73651.599    -2.467     0.00    0.00
 -73363.180    -2.467     0.00    0.00
 -73074.772    -2.467     0.00    0.00
 -72786.373    -2.467     0.00    0.00
 -72497.984    -2.467     0.00    0.00
 -72209.605    -2.467     0.00    0.00
 -71921.236    -2.467     0.00    0.00
 -71632.876    -2.467     0.00    0.00
 -71344.526    -2.467     0.00    0.00
 -71056.185    -2.467     0.00    0.00
 -70767.854    -2.467     0.00    0.00
 -70479.533    -2.467     0.00    0.00
 -70191.222    -2.467     0.00    0.00
 -69902.920    -2.467     0.00    0.00
 -69614.628    -2.467     0.00    0.00
 -69326.346    -2.467     0.00    0.00
 -69038.073    -2.467     0.00    0.00
 -68749.810    -2.467     0.00    0.00
 -68461.557    -2.467     0.00    0.00
 -68173.313    -2.467     0.00    0.00
 -67885.079    -2.467     0.00    0.00
 -67596.855    -2.467     0.00    0.00
 -67308.641    -2.467     0.00    0.00
 -67020.436    -2.467     0.00    0.00
 -66732.240    -2.467     0.00    0.00
 -66444.055    -2.467     0.00    0.00
 -66155.879    -2.467     0.00    0.00
 -65867.713    -2.467     0.00    0.00
 -65579.556    -2.467     0.00    0.00
 -65291.409    -2.467     0.00    0.00
 -65003.272    -2.467     0.00    0.00
 -64715.144    -2.467     0.00    0.00
 -64427.026    -2.467     0.00    0.00
 -64138.918    -2.467     0.00    0.00
 -63850.819    -2.467     0.00    0.00
 -63562.730    -2.467     0.00    0.00
 -63274.651    -2.467     0.00    0.00
 -62986.581    -2.467     0.00    0.00
 -62698.521    -2.467     0.00    0.00
 -62410.471    -2.467     0.00    0.00
 -62122.430    -2.467     0.00    0.00
 -61834.399    -2.467     0.00    0.00
 -61546.377    -2.467     0.00    0.00
 -61258.365    -2.467     0.00    0.00
 -60970.363    -2.467     0.00    0.00
 -60682.370    -2.467     0.00    0.00
 -60394.387    -2.467     0.00    0.00
 -60106.414    -2.467     0.00    0.00
 -59818.450    -2.467     0.00    0.00
 -59530.496    -2.467     0.00    0.00
 -59242.551    -2.467     0.00    0.00
 -58954.616    -2.467     0.00    0.00
 -58666.691    -2.467     0.00    0.00
 -58378.775    -2.467     0.00    0.00
 -58090.869    -2.467     0.00    0.00
 -57802.973    -2.467     0.00    0.00
 -57514.348    -2.467     0.00    0.00
 -57224.378    -2.467     0.00    0.00
 -56934.417    -2.467     0.00    0.00
 -56644.466    -2.467     0.00    0.00
 -56354.524    -2.467     0.00    0.00
 -56064.593    -2.467     0.00    0.00
 -55774.671    -2.467     0.00    0.00
 -55484.759    -2.467     0.00    0.00
 -55194.857    -2.467     0.00    0.00
 -54904.964    -2.467     0.00    0.00
 -54615.081    -2.467     0.00    0.00
 -54325.208    -2.467     0.00    0.00
 -54035.345    -2.467     0.00    0.00
 -53745.491    -2.467     0.00    0.00
 -53455.647    -2.467     0.00    0.00
 -53165.813    -2.467     0.00    0.00
 -52875.989    -2.467     0.00    0.00
 -52586.174    -2.467     0.00    0.00
 -52296.369    -2.467     0.00    0.00
 -52006.574    -2.467     0.00    0.00
 -51716.789    -2.467     0.00    0.00
 -51427.013    -2.467     0.00    0.00
 -51137.247    -2.467     0.00    0.00
 -50847.491    -2.467     0.00    0.00
 -50557.744    -2.467     0.00    0.00
 -50268.007    -2.467     0.00    0.00
 -49978.280    -2.467     0.00    0.00
 -49688.563    -2.467     0.00    0.00
 -49398.855    -2.467     0.00    0.00
 -49109.157    -2.467     0.00    0.00
 -48819.469    -2.467     0.00    0.00
 -48529.790    -2.467     0.00    0.00
 -48240.121    -2.467     0.00    0.00
 -47950.462    -2.467     0.00    0.00
 -47660.813    -2.467     0.00    0.00
 -47371.173    -2.467     0.00    0.00
 -47081.543    -2.467     0.00    0.00
 -46791.922    -2.467     0.00    0.00
 -46502.312    -2.467     0.00    0.00
 -46212.710    -2.467     0.00    0.00
 -45923.119    -2.467     0.00    0.00
 -45633.537    -2.467     0.00    0.00
 -45343.966    -2.467     0.00    0.00
 -45054.403    -2.467     0.00    0.00
 -44764.851    -2.467     0.00    0.00
 -44475.308    -2.467     0.00    0.00
 -44185.774    -2.467     0.00    0.00
 -43896.251    -2.467     0.00    0.00
 -43606.737    -2.467     0.00    0.00
 -43317.233    -2.467     0.00    0.00
 -43027.738    -2.467     0.00    0.00
 -42738.253    -2.467     0.00    0.00
 -42448.778    -2.467     0.00    0.00
 -42159.312    -2.467     0.00    0.00
 -41869.857    -2.467     0.00    0.00
 -41580.410    -2.467     0.00    0.00
 -41290.974    -2.467     0.00    0.00
 -41001.547    -2.467     0.00    0.00
 -40712.129    -2.467     0.00    0.00
 -40422.722    -2.467     0.00    0.00
 -40133.324    -2.467     0.00    0.00
 -39843.935    -2.467     0.00    0.00
 -39554.557    -2.467     0.00    0.00
 -39265.188    -2.467     0.00    0.00
 -38975.828    -2.467     0.00    0.00
 -38686.478    -2.467     0.00    0.00
 -38397.138    -2.467     0.00    0.00
 -38107.808    -2.467     0.00    0.00
 -37818.487    -2.467     0.00    0.00
 -37529.176    -2.467     0.00    0.00
 -37239.874    -2.467     0.00    0.00
 -36950.582    -2.467     0.00    0.00
 -36661.300    -2.467     0.00    0.00
 -36372.027    -2.467     0.00    0.00
 -36082.764    -2.467     0.00    0.00
 -35793.510    -2.467     0.00    0.00
 -35504.266    -2.467     0.00    0.00
 -35215.032    -2.467     0.00    0.00
 -34925.807    -2.467     0.00    0.00
 -34636.592    -2.467     0.00    0.00
 -34347.387    -2.467     0.00    0.00
 -34058.191    -2.467     0.00    0.00
 -33769.005    -2.467     0.00    0.00
 -33479.828    -2.467     0.00    0.00
 -33190.661    -2.467     0.00    0.00
 -32901.504    -2.467     0.00    0.00
 -32612.356    -2.467     0.00    0.00
 -32323.218    -2.467     0.00    0.00
 -32034.089    -2.467     0.00    0.00
 -31744.970    -2.467     0.00    0.00
 -31455.861    -2.467     0.00    0.00
 -31166.761    -2.467     0.00    0.00
 -30877.671    -2.467     0.00    0.00
 -30588.590    -2.467     0.00    0.00
 -30299.519    -2.467     0.00    0.00
 -30010.457    -2.467     0.00    0.00
 -29721.405    -2.467     0.00    0.00
 -29432.363    -2.467     0.00    0.00
 -29143.330    -2.467     0.00    0.00
 -28854.307    -2.467     0.00    0.00
 -28565.293    -2.467     0.00    0.00
 -28276.289    -2.467     0.00    0.00
 -27987.295    -2.467     0.00    0.00
 -27698.310    -2.467     0.00    0.00
 -27409.335    -2.467     0.00    0.00
 -27120.369    -2.467     0.00    0.00
 -26831.412    -2.467     0.00    0.00
 -26542.466    -2.467     0.00    0.00
 -26253.529    -2.467     0.00    0.00
 -25964.601    -2.467     0.00    0.00
 -25675.683    -2.467     0.00    0.00
 -25386.774    -2.467     0.00    0.00
 -25097.876    -2.467     0.00    0.00
 -24808.986    -2.467     0.00    0.00
 -24520.106    -2.386     0.28    0.64
 -24231.236    -2.317     0.24    0.82
 -23942.375    -2.073     0.84    1.48
 -23653.524    -2.015     0.20    1.49
 -23364.682    -1.934     0.28    1.60
 -23075.850    -1.889     0.16    1.63
 -22787.027    -1.229     2.29    3.15
 -22498.214    -0.417     2.81    4.30
 -22209.411     1.018     4.97    5.37
 -21920.617     2.388     4.75    5.60
 -21631.832     3.388     3.46    5.30
 -21343.057     4.205     2.83    4.90
 -21054.292     5.042     2.90    3.94
 -20765.536     5.600     1.93    2.95
 -20476.789     5.533    -0.23    2.40
 -20188.053     5.248    -0.99    2.31
 -19899.325     5.533     0.99    2.29
 -19610.607     6.096     1.95    2.03
 -19321.899     6.356     0.90    2.07
 -19033.200     6.484     0.44    2.26
 -18744.511     6.483    -0.00    2.87
 -18455.831     6.711     0.79    3.32
 -18167.160     6.565    -0.50    3.58
 -17878.499     6.470    -0.33    3.70
 -17589.848     6.295    -0.60    3.75
 -17301.206     6.567     0.94    3.90
 -17012.574     6.483    -0.29    3.82
 -16723.951     6.271    -0.74    3.73
 -16435.338     5.639    -2.19    3.91
 -16146.734     5.143    -1.72    4.01
 -15858.139     4.488    -2.27    3.94
 -15569.554     3.238    -4.33    3.14
 -15280.979     2.500    -2.56    2.76
 -14992.413     2.211    -1.00    2.39
 -14703.856     2.133    -0.27    2.22
 -14415.309     2.232     0.34    1.94
 -14126.772     2.149    -0.29    1.81
 -13838.244     2.042    -0.37    1.70
 -13549.725     2.183     0.49    1.52
 -13261.216     2.255     0.25    1.66
 -12972.716     2.315     0.21    1.91
 -12684.226     2.549     0.81    2.30
 -12395.746     2.830     0.97    2.56
 -12107.274     3.114     0.98    2.59
 -11818.812     3.437     1.12    2.70
 -11530.360     4.017     2.01    2.61
 -11241.917     4.200     0.63    2.46
 -10953.484     4.279     0.28    2.15
 -10665.060     4.184    -0.33    1.82
 -10376.645     4.263     0.28    1.85
 -10088.240     4.267     0.01    1.77
  -9799.845     4.367     0.35    1.89
  -9511.458     4.183    -0.64    2.09
  -9223.082     3.610    -1.99    2.37
  -8934.714     3.343    -0.93    2.66
  -8646.356     2.903    -1.53    2.70
  -8358.008     2.484    -1.45    2.59
  -8069.669     1.817    -2.31    2.16
  -7781.339     1.615    -0.70    1.85
  -7493.019     1.672     0.20    1.89
  -7204.709     1.643    -0.10    1.84
  -6916.407     1.872     0.79    2.00
  -6628.115     1.686    -0.64    2.02
  -6339.833     1.733     0.16    2.14
  -6051.560     1.683    -0.17    2.11
  -5763.296     1.613    -0.25    2.22
  -5475.042     1.533    -0.28    2.13
  -5186.798     1.279    -0.88    2.06
  -4898.562     0.953    -1.13    1.92
  -4610.336     1.114     0.56    2.10
  -4322.120     1.082    -0.11    2.38
  -4033.913     1.211     0.45    2.47
  -3745.715     1.393     0.63    2.52
  -3457.527     1.771     1.31    2.74
  -3169.348     1.924     0.53    2.78
  -2881.178     1.796    -0.45    2.51
  -2593.018     1.750    -0.16    2.41
  -2304.867     1.828     0.27    2.11
  -2016.726     1.718    -0.38    2.03
  -1728.594     1.566    -0.53    2.05
  -1440.472     1.226    -1.18    1.94
  -1152.359     1.259     0.12    1.92
   -864.255     1.100    -0.55    2.00
   -576.161     0.845    -0.89    1.73
   -288.076     0.791    -0.19    1.78
      0.000     0.565    -0.78    1.68
    288.066     0.333    -0.80    1.36
    576.123     0.317    -0.06    1.42
    864.170     0.500     0.64    1.52
   1152.209     0.617     0.41    1.80
   1440.237     0.613    -0.01    2.16
   1728.257     0.724     0.39    2.29
   2016.267     1.073     1.21    2.35
   2304.267     1.324     0.87    2.31
   2592.258     1.337     0.04    2.18
   2880.240     1.566     0.80    2.18
   3168.213     2.130     1.96    2.46
   3456.176     2.330     0.69    2.43
   3744.130     2.946     2.14    2.59
   4032.074     3.190     0.85    2.79
   4320.009     3.304     0.40    2.45
   4608.021     3.483     0.62    2.83
   4897.975     3.238    -0.85    2.99
   5187.920     2.933    -1.05    2.99
   5477.855     2.404    -1.82    2.71
   5767.781     2.121    -0.98    2.37
   6057.697     1.888    -0.80    2.33
   6347.604     1.417    -1.63    2.20
   6637.501     1.173    -0.84    1.74
   6927.389     1.103    -0.24    1.59
   7217.267     1.130     0.10    1.58
   7507.136     1.002    -0.44    1.64
   7796.995     0.967    -0.12    1.65
   8086.845     1.250     0.98    1.58
   8376.685     1.372     0.42    1.58
   8666.516     1.438     0.23    1.46
   8956.337     1.375    -0.22    1.55
   9246.149     1.372    -0.01    1.56
   9535.951     1.727     1.22    1.64
   9825.744     1.845     0.41    1.58
  10115.528     1.840    -0.02    1.66
  10405.302     1.597    -0.84    1.80
  10695.066     1.330    -0.92    1.84
  10984.822     0.976    -1.22    1.81
  11274.567     0.783    -0.66    1.65
  11564.303     0.828     0.16    1.70
  11854.030     1.001     0.60    1.72
  12143.747     1.320     1.10    1.76
  12433.455     1.674     1.22    1.57
  12723.154     1.883     0.72    1.47
  13012.842     2.150     0.92    1.53
  13302.522     1.927    -0.77    1.52
  13592.192     1.937     0.03    1.48
  13881.853     2.001     0.22    1.47
  14171.504     1.783    -0.75    1.56
  14461.145     1.808     0.08    1.63
  14750.778     1.467    -1.18    1.46
  15040.401     1.183    -0.98    1.46
  15330.014     0.994    -0.65    1.50
  15619.618     0.819    -0.60    1.54
  15909.213     0.740    -0.27    1.53
  16198.798     0.533    -0.71    1.49
  16488.373     0.451    -0.28    1.42
  16777.940     0.350    -0.35    1.56
  17067.497     0.275    -0.26    1.65
  17357.044     0.252    -0.08    1.64
  17646.582     0.146    -0.37    1.61
  17936.111     0.340     0.67    1.65
  18225.630     0.583     0.84    1.74
  18515.140     0.600     0.06    1.69
  18804.640     1.066     1.61    1.94
  19094.131     1.455     1.35    2.16
  19383.613     1.850     1.36    2.30
  19673.085     1.969     0.41    2.24
  19962.548     2.259     1.00    2.29
  20252.001     2.533     0.95    2.20
  20541.445     2.943     1.42    2.12
  20830.880     3.033     0.31    1.97
  21120.305     3.295     0.90    1.97
  21409.721     3.422     0.44    2.02
  21699.127     3.650     0.79    2.04
  21988.524     3.840     0.66    2.21
  22277.912     3.872     0.11    2.24
  22567.290     3.676    -0.68    2.16
  22856.659     3.724     0.16    2.26
  23146.018     3.824     0.35    2.26
  23435.368     3.867     0.15    2.27
  23724.709     3.717    -0.52    2.23
  24014.040     3.627    -0.31    2.20
  24303.362     3.453    -0.60    1.99
  24592.675     3.364    -0.31    1.96
  24881.978     3.025    -1.17    2.17
  25171.272     2.983    -0.14    2.13
  25460.557     2.771    -0.73    2.05
  25749.832     2.517    -0.88    2.07
  26039.098     1.828    -2.38    1.86
  26328.354     1.565    -0.91    1.94
  26617.601     1.599     0.12    2.18
  26906.839     2.067     1.62    2.59
  27196.067     2.419     1.22    2.82
  27485.286     3.105     2.37    2.84
  27774.496     3.644     1.87    2.93
  28063.696     4.096     1.56    2.75
  28352.887     4.388     1.01    2.77
  28642.069     4.372    -0.06    2.81
  28931.241     4.517     0.50    2.76
  29220.404     4.089    -1.48    2.70
  29509.558     3.914    -0.60    2.70
  29798.702     4.025     0.38    2.58
  30087.837     4.121     0.33    2.52
  30376.963     3.867    -0.88    2.36
  30666.079     3.517    -1.21    2.39
  30955.186     3.173    -1.19    2.57
  31244.283     2.856    -1.09    2.60
  31533.372     2.775    -0.28    2.50
  31822.451     2.438    -1.17    2.18
  32111.520     2.049    -1.35    1.95
  32400.581     2.067     0.06    1.91
  32689.632     2.216     0.52    1.79
  32978.673     2.503     0.99    1.94
  33267.706     2.708     0.71    1.94
  33556.729     3.002     1.02    1.95
  33845.743     3.150     0.51    1.97
  34134.747     3.250     0.35    1.81
  34423.742     3.388     0.48    1.87
  34712.728     3.454     0.23    1.77
  35001.705     3.502     0.16    1.86
  35290.672     3.759     0.89    1.67
  35579.630     4.025     0.92    1.78
  35868.578     4.000    -0.09    1.93
  36157.518     3.756    -0.85    2.03
  36446.448     3.308    -1.55    2.00
  36735.369     3.057    -0.87    1.97
  37024.280     2.943    -0.39    1.90
  37313.182     2.800    -0.50    1.83
  37602.075     2.888     0.31    1.81
  37890.959     2.812    -0.26    1.57
  38179.833     2.867     0.19    1.74
  38468.698     2.887     0.07    1.87
  38757.554     2.650    -0.82    2.02
  39046.400     2.300    -1.21    1.92
  39335.238     2.130    -0.59    1.96
  39624.066     1.950    -0.62    1.98
  39912.884     1.779    -0.59    1.84
  40201.694     1.724    -0.19    1.90
  40490.494     1.759     0.12    1.81
  40779.285     1.914     0.54    1.63
  41068.067     2.211     1.03    1.40
  41356.839     2.189    -0.08    1.45
  41645.602     1.808    -1.32    1.43
  41934.356     1.867     0.20    1.64
  42223.100     1.867     0.00    1.61
  42511.836     1.920     0.19    1.63
  42800.562     1.950     0.10    1.66
  43089.279     2.150     0.69    1.78
  43377.986     2.549     1.38    1.86
  43666.685     2.756     0.72    1.93
  43955.374     3.072     1.10    1.89
  44244.054     3.137     0.22    1.95
  44532.724     3.217     0.28    1.99
  44821.386     3.330     0.39    1.84
  45110.038     3.066    -0.92    1.76
  45398.681     2.697    -1.28    1.79
  45687.314     2.272    -1.47    1.74
  45975.939     2.205    -0.23    1.67
  46264.554     2.150    -0.19    1.66
  46553.160     2.238     0.31    1.68
  46841.757     2.291     0.18    1.59
  47130.345     2.565     0.95    1.67
  47418.923     2.676     0.39    1.74
  47707.492     3.114     1.52    1.77
  47996.052     3.287     0.60    1.68
  48284.603     3.317     0.10    1.72
  48573.144     3.517     0.69    1.86
  48861.676     3.502    -0.05    1.98
  49150.199     3.227    -0.95    1.96
  49438.713     3.111    -0.40    1.89
  49727.218     2.861    -0.87    1.80
  50015.713     2.533    -1.14    1.66
  50304.199     2.566     0.11    1.58
  50592.676     2.503    -0.22    1.73
  50881.144     2.243    -0.90    1.60
  51169.603     2.472     0.79    1.70
  51458.052     2.433    -0.13    1.64
  51746.493     2.600     0.58    1.56
  52034.924     2.669     0.24    1.75
  52323.345     2.783     0.40    1.69
  52611.758     2.930     0.51    1.69
  52900.162     2.835    -0.33    1.77
  53188.556     2.943     0.38    1.94
  53476.941     3.050     0.37    1.92
  53765.317     3.205     0.54    1.80
  54053.684     3.437     0.80    1.89
  54342.041     3.440     0.01    1.81
  54630.390     3.406    -0.12    1.86
  54918.729     3.470     0.22    1.75
  55207.059     3.156    -1.09    1.64
  55495.380     3.283     0.44    1.75
  55783.692     3.451     0.58    1.93
  56071.994     3.660     0.72    1.91
  56360.288     3.950     1.00    1.98
  56648.572     4.195     0.85    2.02
  56936.847     4.205     0.04    2.06
  57225.113     4.283     0.27    2.05
  57513.370     4.599     1.09    1.80
  57801.617     4.595    -0.01    1.95
  58089.856     4.598     0.01    2.06
  58378.085     4.268    -1.15    2.18
  58666.305     3.967    -1.04    2.29
  58954.516     3.483    -1.68    2.20
  59242.718     3.308    -0.61    2.26
  59530.911     2.787    -1.81    2.26
  59819.094     2.660    -0.44    2.26
  60107.269     2.340    -1.11    2.16
  60395.434     2.291    -0.17    2.12
  60683.590     2.222    -0.24    2.17
  60971.737     2.105    -0.41    2.10
  61259.875     2.437     1.15    2.07
  61548.004     2.390    -0.16    2.11
  61836.124     2.222    -0.59    2.16
  62124.234     2.433     0.73    2.05
  62412.336     2.517     0.29    2.10
  62700.428     2.483    -0.12    2.05
  62988.511     2.517     0.12    2.00
  63276.585     2.424    -0.32    1.87
  63564.650     2.367    -0.20    1.81
  63852.706     2.517     0.52    1.69
  64140.752     2.484    -0.11    1.61
  64428.790     2.317    -0.58    1.44
  64716.818     2.340     0.08    1.79
  65004.838     2.315    -0.09    1.84
  65292.848     2.248    -0.23    1.87
  65580.849     2.359     0.39    1.95
  65868.841     2.419     0.21    1.98
  66156.824     2.550     0.46    2.09
  66444.798     2.533    -0.06    2.03
  66732.763     2.422    -0.39    2.04
  67022.177     2.252    -0.59    1.96
  67312.106     2.156    -0.33    1.76
  67602.025     2.333     0.61    1.75
  67891.935     2.091    -0.84    1.79
  68181.835     1.985    -0.36    1.81
  68471.727     2.000     0.05    1.81
  68761.609     1.787    -0.73    1.96
  69051.482     1.711    -0.26    2.04
  69341.346     1.667    -0.15    2.08
  69631.200     1.681     0.05    2.04
  69921.046     1.727     0.16    1.93
  70210.882     1.743     0.06    1.83
  70500.709     1.752     0.03    1.93
  70790.526     1.969     0.75    1.80
  71080.335     1.867    -0.35    1.83
  71370.134     1.796    -0.25    1.76
  71659.924     1.775    -0.07    1.42
  71949.705     1.803     0.10    1.54
  72239.477     1.787    -0.05    1.65
  72529.239     1.824     0.13    1.65
  72818.992     1.910     0.30    1.62
  73108.736     1.933     0.08    1.66
  73398.471     2.107     0.60    1.77
  73688.197     2.041    -0.23    1.70
  73977.913     2.217     0.61    1.64
  74267.621     1.910    -1.06    1.63
  74557.319     1.721    -0.65    1.75
  74847.008     1.750     0.10    1.73
  75136.688     1.681    -0.24    1.57
  75426.358     1.517    -0.56    1.50
  75716.019     1.450    -0.23    1.52
  76005.672     1.356    -0.32    1.57
  76295.315     1.451     0.33    1.53
  76584.948     1.451     0.00    1.45
  76874.573     1.404    -0.16    1.42
  77164.189     1.361    -0.15    1.60
  77453.795     1.137    -0.78    1.60
  77743.392     1.275     0.48    1.62
  78032.980     0.967    -1.07    1.56
  78322.559     0.933    -0.12    1.46
  78612.129     0.914    -0.07    1.47
  78901.689     0.803    -0.38    1.43
  79191.240     0.595    -0.72    1.40
  79480.783     0.550    -0.15    1.36
  79770.316     0.450    -0.35    1.31
  80059.840     0.435    -0.05    1.42
  80349.354     0.564     0.45    1.44
  80638.860     0.727     0.56    1.55
  80928.356     0.718    -0.03    1.62
  81217.844     0.957     0.83    1.64
  81507.322     1.050     0.32    1.74
  81796.791     1.200     0.52    1.69
  82086.251     1.146    -0.19    1.65
  82375.701     1.216     0.24    1.66
  82665.143     0.978    -0.82    1.82
  82954.575     0.910    -0.23    1.61
  83243.999     1.067     0.54    1.58
  83533.413     1.189     0.42    1.53
  83822.818     1.146    -0.15    1.40
  84112.214     1.168     0.08    1.41
  84401.601     1.243     0.26    1.48
  84690.979     1.453     0.72    1.33
  84980.347     1.598     0.50    1.28
  85269.707     1.617     0.07    1.33
  85559.057     1.664     0.17    1.36
  85848.398     1.733     0.24    1.24
  86137.730     1.683    -0.17    1.20
  86427.053     1.664    -0.07    1.30
  86716.367     1.678     0.05    1.30
  87005.672     1.933     0.88    1.64
  87294.968     2.238     1.05    1.74
  87584.254     2.375     0.47    1.81
  87873.532     2.549     0.60    1.81
  88162.800     2.484    -0.23    1.64
  88452.059     2.415    -0.24    1.66
  88741.310     2.501     0.30    1.46
  89030.551     2.566     0.22    1.27
  89319.783     2.501    -0.22    1.28
  89609.006     2.486    -0.05    1.41
  89898.219     2.183    -1.05    1.39
  90187.424     2.033    -0.52    1.41
  90476.620     2.000    -0.12    1.37
  90765.806     2.103     0.35    1.32
  91054.984     2.304     0.70    1.35
  91344.152     2.349     0.16    1.36
  91633.312     2.350     0.00    1.13
  91922.462     2.450     0.35    1.23
  92211.603     2.433    -0.06    1.30
  92500.735     2.283    -0.52    1.28
  92789.858     2.470     0.65    1.32
  93078.972     2.533     0.22    1.28
  93368.077     2.617     0.29    1.28
  93657.173     2.600    -0.06    1.30
  93946.260     2.501    -0.34    1.11
  94235.337     2.566     0.22    1.17
  94524.406     2.533    -0.11    1.27
  94813.466     2.375    -0.55    1.36
  95102.516     2.324    -0.18    1.45
  95391.558     2.042    -0.98    1.34
  95680.590     1.800    -0.84    1.46
  95969.614     1.648    -0.53    1.39
  96258.628     1.486    -0.56    1.35
  96547.633     1.333    -0.53    1.29
  96836.629     1.320    -0.05    1.16
  97125.617     1.268    -0.18    1.20
  97414.595     1.100    -0.58    1.13
  97703.564     0.812    -1.00    1.19
  97992.524     0.740    -0.25    1.15
  98281.475     0.700    -0.14    1.18
  98570.417     0.743     0.15    1.19
  98859.350     0.779     0.13    1.22
  99148.274     0.796     0.06    1.35
  99437.189     1.049     0.88    1.41
  99726.095     1.152     0.36    1.43
 100014.992     1.422     0.93    1.49
 100303.880     1.533     0.38    1.45
 100592.758     1.450    -0.29    1.44
 100881.628     1.217    -0.81    1.50
 101170.489     1.018    -0.69    1.40
 101459.341     0.840    -0.62    1.31
 101748.184     0.783    -0.20    1.15
 102037.017     0.664    -0.41    1.16
 102325.842     0.817     0.53    1.22
 102614.658     0.835     0.06    1.14
 102903.465     1.001     0.58    1.11
 103192.262     0.967    -0.12    1.25
 103481.051     0.856    -0.38    1.34
 103769.831     0.992     0.47    1.23
 104058.602     1.067     0.26    1.31
 104347.363     1.067     0.00    1.32
 104636.116     1.041    -0.09    1.31
 104924.860     1.184     0.49    1.23
 105213.595     1.184     0.00    1.25
 105502.321     1.438     0.88    1.55
 105791.037     1.615     0.61    1.49
 106079.745     1.633     0.06    1.54
 106368.444     1.920     0.99    1.61
 106657.134     2.127     0.72    1.56
 106945.815     2.291     0.57    1.54
 107234.487     2.438     0.51    1.54
 107523.150     2.205    -0.81    1.33
 107811.803     2.050    -0.54    1.32
 108100.448     2.211     0.56    1.41
 108389.084     2.268     0.20    1.50
 108677.711     2.107    -0.56    1.51
 108966.330     2.200     0.32    1.61
 109254.939     2.183    -0.06    1.66
 109543.539     2.167    -0.06    1.70
 109832.130     2.074    -0.32    1.52
 110120.712     2.216     0.49    1.58
 110409.285     2.406     0.66    1.53
 110697.850     2.308    -0.34    1.45
 110986.405     2.468     0.56    1.40
 111274.952     2.415    -0.18    1.52
 111563.489     2.692     0.96    1.55
 111852.017     2.920     0.79    1.40
 112140.537     2.835    -0.30    1.40
 112429.048     2.730    -0.36    1.46
 112717.549     3.017     0.99    1.62
 113006.042     3.130     0.39    1.63
 113294.526     3.217     0.30    1.70
 113583.001     3.217     0.00    1.76
 113871.467     3.248     0.11    1.91
 114159.924     3.267     0.07    1.90
 114448.372     3.533     0.92    1.86
 114736.811     3.469    -0.22    1.66
 115025.241     3.517     0.17    1.72
 115313.662     3.469    -0.17    1.58
 115602.075     3.611     0.49    1.53
 115890.478     3.613     0.00    1.43
 116178.872     3.646     0.12    1.42
 116467.258     3.600    -0.16    1.34
 116755.635     3.483    -0.40    1.50
 117044.002     3.581     0.34    1.63
 117332.361     4.178     2.07    2.26
 117620.711     5.315     3.94    3.56
 117909.052     6.632     4.57    4.68
 118197.384     8.533     6.59    5.63
 118485.708     9.763     4.26    6.04
 118774.022    10.708     3.28    6.24
 119062.327    11.156     1.56    6.19
 119350.624    11.205     0.17    6.51
 119638.911    10.878    -1.14    6.65
 119927.190     9.283    -5.53    5.44
 120215.460     8.894    -1.35    4.64
 120503.721     8.340    -1.92    3.77
 120791.973     8.152    -0.65    3.62
 121080.216     7.946    -0.72    3.36
 121368.450     8.162     0.75    3.34
 121656.675     8.583     1.46    3.27
 121944.892     8.617     0.12    3.15
 122233.100     8.222    -1.37    2.65
 122521.298     8.295     0.25    3.07
 122809.488     9.057     2.64    4.24
 123097.669    10.674     5.61    5.76
 123385.841    12.883     7.67    6.28
 123674.004    15.100     7.69    6.22
 123962.159    17.800     9.37    5.28
 124250.304    19.395     5.53    4.12
 124538.441    19.779     1.33    3.78
 124826.568    19.836     0.20    4.26
 125114.687    19.750    -0.30    4.61
 125402.797    20.300     1.91    4.34
 125690.898    20.817     1.79    4.26
 125978.991    21.420     2.10    3.30
 126267.074    22.041     2.15    3.27
 126555.149    22.660     2.15    3.25
 126843.214    22.969     1.07    3.24
 127131.271    23.367     1.38    3.17
 127419.319    23.683     1.10    3.15
 127707.358    22.468    -4.22    4.21
 127995.389    20.898    -5.45    5.25
 128283.410    19.287    -5.59    6.22
 128571.423    17.904    -4.80    6.43
 128859.427    16.388    -5.26    6.12
 129148.259    15.017    -4.75    5.20
 129438.174    14.714    -1.05    4.45
 129728.080    15.346     2.18    4.63
 130017.977    15.812     1.61    4.71
 130307.865    15.856     0.15    4.44
 130597.744    16.123     0.92    4.49
 130887.615    16.400     0.95    4.14
 131177.476    15.953    -1.54    3.77
 131467.328    14.819    -3.91    2.82
 131757.171    14.375    -1.53    2.27
 132047.006    14.953     1.99    2.60
 132336.831    15.600     2.23    3.02
 132626.647    16.483     3.05    3.09
 132916.455    16.867     1.32    2.95
 133206.253    16.883     0.05    2.79
 133496.043    17.041     0.55    2.76
 133785.823    16.466    -1.99    2.09
 134075.595    16.617     0.52    1.85
 134365.358    16.900     0.98    2.07
 134655.112    16.933     0.12    2.08
 134944.856    16.960     0.09    2.04
 135234.592    16.964     0.02    2.08
 135524.319    17.250     0.99    2.23
 135814.037    18.000     2.59    2.76
 136103.747    18.133     0.46    2.82
 136393.447    18.485     1.21    2.99
 136683.138    18.222    -0.91    3.11
 136972.820    17.791    -1.49    3.20
 137262.494    17.812     0.07    3.29
 137552.158    17.917     0.36    3.32
 137841.814    18.435     1.79    3.49
 138131.461    19.189     2.60    3.61
 138421.098    19.946     2.61    3.47
 138710.727    21.042     3.78    3.07
 139000.347    22.133     3.77    2.44
 139289.958    21.969    -0.57    2.56
 139579.560    22.287     1.10    2.53
 139869.154    22.398     0.38    2.22
 140158.738    22.803     1.40    2.24
 140448.313    23.074     0.94    2.32
 140737.880    23.967     3.08    2.47
 141027.438    24.681     2.47    2.59
 141316.986    25.291     2.11    2.73
 141606.526    25.835     1.88    2.51
 141896.057    26.359     1.81    2.72
 142185.579    26.662     1.05    3.01
 142475.092    27.217     1.91    3.41
 142764.597    27.700     1.67    3.51
 143054.092    27.783     0.29    3.36
 143343.579    27.940     0.54    3.40
 143633.056    28.549     2.11    4.15
 143922.525    29.994     4.99    4.82
 144211.985    32.009     6.96    7.17
 144501.436    33.100     3.77    8.57
 144790.878    34.500     4.84    9.37
 145080.311    37.364     9.89   11.62
 145369.736    39.681     8.00   12.46
 145659.151    42.096     8.34   13.06
 145948.558    43.717     5.60   12.82
 146237.956    47.533    13.19   11.65
 146527.345    49.763     7.70   11.53
 146816.725    53.137    11.66   10.05
 147106.096    55.073     6.69    9.02
 147395.458    57.017     6.72    7.68
 147684.812    59.283     7.83    5.89
 147974.156    61.367     7.20    5.06
 148263.492    61.775     1.41    5.09
 148552.819    62.550     2.68    4.95
 148842.137    62.724     0.60    4.96
 149131.446    63.600     3.03    5.01
 149420.747    64.467     3.00    5.14
 149710.038    65.630     4.02    5.28
 149999.321    66.791     4.01    6.01
 150288.595    68.566     6.13    6.83
 150577.860    69.783     4.21    7.41
 150867.116    71.337     5.37    7.42
 151156.364    71.750     1.43    7.64
 151445.602    72.350     2.07    7.12
 151734.832    72.057    -1.01    6.60
 152024.053    72.311     0.88    5.99
 152313.265    71.025    -4.45    5.76
 152602.468    69.057    -6.81    5.97
 152891.663    66.833    -7.69    6.05
 153180.848    65.967    -3.00    6.10
 153470.025    65.091    -3.03    5.99
 153759.193    65.002    -0.31    6.34
 154048.352    65.733     2.53    6.96
 154337.502    67.566     6.34    7.60
 154626.644    68.791     4.24    7.35
 154915.777    68.100    -2.39    7.80
 155204.901    67.763    -1.17    8.02
 155494.016    66.033    -5.98    8.60
 155783.122    64.195    -6.36    9.90
 156072.219    62.375    -6.29   10.22
 156361.308    60.750    -5.62   10.10
 156650.388    61.008     0.89   10.04
 156939.459    63.359     8.13   11.29
 157228.521    66.946    12.41   13.27
 157517.575    71.073    14.28   15.62
 157806.620    76.340    18.22   15.07
 158095.656    80.367    13.93   13.51
 158384.683    85.697    18.44   12.93
 158673.701    89.211    12.16   12.76
 158962.711    93.033    13.23   11.31
 159251.712    94.470     4.97   11.99
 159540.704    97.091     9.07   11.14
 159829.687   101.383    14.85    9.70
 160118.661   102.943     5.40    9.37
 160407.627   104.985     7.07    7.68
 160696.584   106.162     4.07    6.66
 160985.532   106.158    -0.01    6.22
 161274.471   104.953    -4.17    7.51
 161563.402   102.183    -9.58    8.99
 161852.324    98.883   -11.42   10.64
 162141.237    94.566   -14.94   11.27
 162430.141    91.613   -10.22   10.64
 162719.037    88.969    -9.15    9.77
 163007.924    87.002    -6.81    8.21
 163296.802    85.304    -5.88    8.16
 163585.671    86.200     3.10    8.91
 163874.531    87.599     4.84    9.17
 164163.383    87.137    -1.60    9.83
 164452.226    85.872    -4.38    9.39
 164741.061    85.695    -0.61    9.33
 165029.886    86.468     2.68    9.97
 165318.703    88.950     8.59   10.45
 165607.511    92.238    11.38   12.89
 165896.310    96.375    14.32   14.20
 166185.101   102.898    22.59   13.74
 166473.883   108.904    20.80   12.23
 166762.656   112.960    14.04   11.94
 167051.420   116.050    10.70   11.12
 167340.176   117.227     4.08   10.54
 167628.923   117.311     0.29    9.31
 167917.661   115.390    -6.65   10.80
 168206.390   112.763    -9.10   11.38
 168495.111   108.650   -14.24   12.00
 168783.823   104.162   -15.54   13.64
 169072.526   101.583    -8.94   13.74
 169361.221    99.567    -6.98   13.07
 169649.907    97.597    -6.82   12.12
 169938.584    94.615   -10.33   11.41
 170227.252    90.700   -13.56   11.70
 170515.912    89.369    -4.61   11.74
 170804.563    87.340    -7.03   10.65
 171093.206    85.660    -5.82    9.49
 171381.839    85.137    -1.81    8.55
 171670.464    86.824     5.84   10.73
 171959.080    89.943    10.81   12.27
 172247.688    92.133     7.59   12.61
 172536.286    96.683    15.76   10.14
 172824.877    98.279     5.53    9.06
 173113.458    99.402     3.89    9.04
 173402.031    98.826    -2.00    9.81
 173690.595    96.940    -6.53   10.19
 173979.150    95.033    -6.61   10.49
 174267.697    93.233    -6.24   10.51
 174556.235    90.933    -7.97   10.22
 174844.764    90.724    -0.73    9.92
 175133.284    90.676    -0.17   10.02
 175421.796    91.200     1.82   11.73
 175710.300    94.700    12.13   13.70
 175998.794    96.746     7.09   14.74
 176287.280    99.388     9.16   15.15
 176575.757   101.771     8.26   14.75
 176864.226   104.533     9.57   14.90
 177152.686   104.808     0.95   15.27
 177441.137   106.337     5.30   15.82
 177729.579   106.083    -0.88   14.67
 178018.013   109.123    10.54   13.86
 178306.438   112.216    10.72   13.14
 178594.855   114.850     9.13   11.07
 178883.263   117.714     9.93   11.70
 179171.662   120.420     9.38   12.89
 179460.053   123.567    10.91   14.21
 179748.435   122.402    -4.04   14.68
 180036.808   123.708     4.53   13.54
 180325.172   123.930     0.77   12.78
 180613.528   126.501     8.91   12.51
 180901.876   128.733     7.74   12.71
 181190.214   133.173    15.39   14.14
 181478.544   138.327    17.87   16.35
 181766.866   143.549    18.11   17.02
 182055.179   148.268    16.36   16.22
 182343.483   152.878    15.99   14.15
 182631.778   158.050    17.94   10.69
 182920.065   161.042    10.38    9.81
 183208.343   163.566     8.76    9.01
 183496.613   165.617     7.11    8.73
 183784.874   166.377     2.64    8.05
 184073.126   165.255    -3.89    9.33
 184361.370   164.033    -4.24   10.19
 184649.605   162.763    -4.41   10.56
 184937.831   161.743    -3.54   10.28
 185226.049   161.121    -2.16    9.33
 185514.258   161.486     1.27    7.84
 185802.459   162.695     4.19    7.09
 186090.651   163.983     4.47    6.53
 186378.834   164.400     1.45    7.42
 186667.009   166.300     6.59    8.00
 186955.175   168.295     6.92    9.25
 187243.333   170.583     7.94    9.68
 187531.482   173.718    10.88    9.68
 187819.622   177.025    11.48    9.55
 188107.754   180.017    10.38    9.66
 188395.877   183.133    10.82   10.26
 188683.992   183.303     0.59   10.41
 188972.098   183.613     1.08   10.85
 189260.195   183.422    -0.66    9.91
 189548.284   182.767    -2.28    9.80
 189836.364   179.183   -12.44   11.14
 190124.435   177.058    -7.38   10.88
 190412.498   175.017    -7.08    9.68
 190700.553   175.073     0.19   10.42
 190988.599   175.243     0.59   11.55
 191276.895   174.049    -4.14   11.43
 191566.789   172.746    -4.49   13.32
 191856.674   169.700   -10.51   13.54
 192146.551   164.737   -17.12   12.79
 192436.418   160.089   -16.03   11.01
 192726.278   156.150   -13.59    9.39
 193016.128   151.650   -15.52    9.47
 193305.970   148.178   -11.98   10.58
 193595.803   144.817   -11.60   10.87
 193885.628   138.746   -20.94   11.68
 194175.443   133.883   -16.78   10.55
 194465.250   130.195   -12.72    9.23
 194755.049   126.960   -11.16    7.27
 195044.838   125.754    -4.16    7.16
 195334.619   125.582    -0.59    8.05
 195624.392   126.041     1.59    8.08
 195914.155   125.872    -0.58    8.65
 196203.910   124.295    -5.44    9.79
 196493.657   121.501    -9.64   10.53
 196783.394   117.717   -13.06   11.26
 197073.123   112.817   -16.91   11.51
 197362.844   109.315   -12.09   10.29
 197652.555   105.566   -12.94    8.95
 197942.258   101.851   -12.82    7.53
 198231.952   100.173    -5.79    7.08
 198521.638    98.417    -6.06    6.13
 198811.315    99.304     3.06    6.17
 199100.983   100.756     5.01    6.83
 199390.643   102.311     5.37    7.06
 199680.294   104.017     5.89    7.41
 199969.936   106.313     7.93    6.53
 200259.570   106.267    -0.16    7.26
 200549.195   105.678    -2.03    7.13
 200838.811   105.435    -0.84    5.82
 201128.419   105.924     1.69    6.06
 201418.018   107.419     5.16    6.50
 201707.608   108.915     5.17    7.63
 201997.190   109.831     3.16    7.84
 202286.763   111.662     6.32    7.30
