#    2.172  -0.027   0.749 ;Mean Elev.(m), Avg Gradient(m/km), RMS Gradient(m/km) - SRTM1     
#   12.170  -0.169   1.292 ;Mean Elev.(m), Avg Gradient(m/km), RMS Gradient(m/km) - ASTER GDEM
#    2.426  -0.017   0.845 ;Mean Elev.(m), Avg Gradient(m/km), RMS Gradient(m/km) - GMTED2010 
   1     1.779 54659.22687795 30.85  36.272341 -18.612211 23.669 -100.00 -100.00 -100.00
   1     1.313 54659.22687854 34.21  36.273357 -18.609741   -100 -100.00 -100.00 -100.00
   1     1.424 54659.22687913 35.88  36.274373 -18.607270   -100 -100.00 -100.00 -100.00
   2     2.968 54669.14252397 29.03  36.270421 -18.610855 19.846 -100.00 -100.00 -100.00
   2     2.010 54669.14252456 27.54  36.271437 -18.608384   -100 -100.00 -100.00 -100.00
   2     1.930 54669.14252515 29.30  36.272452 -18.605914   -100 -100.00 -100.00 -100.00
   3   -84.409 54679.05816740  2.21  36.269273 -18.611632  1.859 -100.00 -100.00 -100.00
   3   -85.726 54679.05816799  0.38  36.270289 -18.609162  1.899 -100.00 -100.00 -100.00
   3   -87.065 54679.05816859  1.82  36.271304 -18.606691  1.803 -100.00 -100.00 -100.00
   4     2.689 54688.97380997 18.49  36.271055 -18.611923 10.300 -100.00 -100.00 -100.00
   4     1.473 54688.97381056 22.89  36.272070 -18.609452 19.134 -100.00 -100.00 -100.00
   4     1.399 54688.97381116 23.50  36.273086 -18.606982 20.991 -100.00 -100.00 -100.00
   5   -85.984 54698.88945069  2.76  36.274710 -18.612086  2.117 -100.00 -100.00 -100.00
   5   -81.026 54698.88945128  3.09  36.275725 -18.609616  1.981 -100.00 -100.00 -100.00
   5   -49.969 54698.88945187  3.86  36.276741 -18.607145  4.487 -100.00 -100.00 -100.00
   6     2.849 54708.80509400 24.18  36.276070 -18.612125 19.854 -100.00 -100.00 -100.00
   6     1.548 54708.80509459 25.85  36.277086 -18.609655 26.203 -100.00 -100.00 -100.00
   7   -32.741 54718.72074489  8.25  36.272184 -18.612684  2.535 -100.00 -100.00 -100.00
   7    -1.644 54718.72074548 14.62  36.273199 -18.610213  4.657 -100.00 -100.00 -100.00
   7     2.520 54718.72074607 16.33  36.274215 -18.607743  4.980 -100.00 -100.00 -100.00
   8     2.571 54728.63639374 22.42  36.267955 -18.611678 13.478 -100.00 -100.00 -100.00
   8     2.259 54728.63639433 23.34  36.268971 -18.609208 17.067 -100.00 -100.00 -100.00
   8     2.064 54728.63639492 22.27  36.269986 -18.606738 13.026 -100.00 -100.00 -100.00
   9     2.459 54738.55204198 21.32  36.265402 -18.608728 11.010 -100.00 -100.00 -100.00
   9     2.404 54738.55204257 21.58  36.266418 -18.606258 11.254 -100.00 -100.00 -100.00
   9     2.793 54738.55204316 22.08  36.267433 -18.603787 13.410 -100.00 -100.00 -100.00
  10     1.590 54748.46768999 18.74  36.264195 -18.607659  9.843 -100.00 -100.00 -100.00
  10     1.683 54748.46769058 19.44  36.265211 -18.605188 12.145 -100.00 -100.00 -100.00
  10     1.892 54748.46769117 20.19  36.266227 -18.602718 13.858 -100.00 -100.00 -100.00
  11     2.150 54758.38333774 21.17  36.264247 -18.606978 13.511 -100.00 -100.00 -100.00
  11     2.231 54758.38333833 20.24  36.265262 -18.604507 10.833 -100.00 -100.00 -100.00
  11     2.243 54758.38333892 19.78  36.266278 -18.602037  9.637 -100.00 -100.00 -100.00
  12     1.993 54768.29898264 33.57  36.264169 -18.609439 31.465 -100.00 -100.00 -100.00
  12     1.935 54768.29898323 35.68  36.265185 -18.606969   -100 -100.00 -100.00 -100.00
  12     1.780 54768.29898382 39.21  36.266200 -18.604498   -100 -100.00 -100.00 -100.00
  12     1.976 54768.29898441 43.99  36.267216 -18.602028 17.971 -100.00 -100.00 -100.00
  13     0.978 54778.21462477 28.98  36.265370 -18.609100   -100 -100.00 -100.00 -100.00
  13     0.999 54778.21462536 29.92  36.266385 -18.606630   -100 -100.00 -100.00 -100.00
  13     0.924 54778.21462595 31.32  36.267401 -18.604159   -100 -100.00 -100.00 -100.00
  14     1.507 54788.13026432 33.90  36.266233 -18.608378   -100 -100.00 -100.00 -100.00
  14     1.510 54788.13026491 46.28  36.267248 -18.605907   -100 -100.00 -100.00 -100.00
  14     1.489 54788.13026550 50.35  36.268264 -18.603437   -100 -100.00 -100.00 -100.00
  15     1.851 54798.04590194 29.86  36.266153 -18.610339   -100 -100.00 -100.00 -100.00
  15     1.971 54798.04590253 30.83  36.267168 -18.607868   -100 -100.00 -100.00 -100.00
  15     2.011 54798.04590312 31.99  36.268184 -18.605398   -100 -100.00 -100.00 -100.00
  16     1.785 54807.96153968 23.90  36.268270 -18.611588 15.575 -100.00 -100.00 -100.00
  16     2.150 54807.96154027 20.15  36.269286 -18.609118  8.166 -100.00 -100.00 -100.00
  16     2.186 54807.96154086 19.23  36.270302 -18.606647  6.647 -100.00 -100.00 -100.00
  17     2.768 54817.87717741 29.38  36.272495 -18.611176 22.000 -100.00 -100.00 -100.00
  17     2.637 54817.87717800 26.66  36.273510 -18.608706 16.890 -100.00 -100.00 -100.00
  18     2.662 54827.79282753 22.45  36.271479 -18.612076 12.091 -100.00 -100.00 -100.00
  18     2.830 54827.79282812 20.84  36.272495 -18.609605  8.931 -100.00 -100.00 -100.00
  18     2.556 54827.79282871 23.18  36.273510 -18.607134 12.221 -100.00 -100.00 -100.00
  19     2.275 54837.70846670 35.14  36.268697 -18.610654 25.725 -100.00 -100.00 -100.00
  19     2.236 54837.70846729 36.55  36.269712 -18.608183 28.208 -100.00 -100.00 -100.00
  19     2.451 54837.70846788 39.69  36.270728 -18.605712 31.646 -100.00 -100.00 -100.00
  20     2.876 54847.62411637 22.84  36.265200 -18.608923 11.935 -100.00 -100.00 -100.00
  20     2.704 54847.62411696 21.47  36.266216 -18.606452 10.482 -100.00 -100.00 -100.00
  20     2.791 54847.62411755 21.38  36.267232 -18.603981  8.964 -100.00 -100.00 -100.00
  21     3.508 54857.53976592 40.69  36.263375 -18.606963 15.546 -100.00 -100.00 -100.00
  21     2.800 54857.53976651 44.89  36.264391 -18.604492 27.778 -100.00 -100.00 -100.00
  21     2.028 54857.53976710 53.35  36.265406 -18.602021 27.360 -100.00 -100.00 -100.00
  22     2.700 54867.45541548 18.70  36.263108 -18.606133  7.569 -100.00 -100.00 -100.00
  22     2.452 54867.45541607 19.61  36.264123 -18.603662  9.027 -100.00 -100.00 -100.00
  22     2.539 54867.45541666 19.28  36.265139 -18.601191  8.558 -100.00 -100.00 -100.00
  23     2.607 54877.37106399 25.50  36.263020 -18.607148 18.006 -100.00 -100.00 -100.00
  23     2.502 54877.37106458 30.79  36.264036 -18.604677 31.109 -100.00 -100.00 -100.00
  23     2.424 54877.37106517 33.09  36.265051 -18.602206   -100 -100.00 -100.00 -100.00
  24     3.003 54887.28670953 22.88  36.263674 -18.607459 13.153 -100.00 -100.00 -100.00
  24     2.600 54887.28671012 19.66  36.264690 -18.604988  8.086 -100.00 -100.00 -100.00
  24     2.604 54887.28671071 19.56  36.265705 -18.602518  8.185 -100.00 -100.00 -100.00
  25     2.214 54897.20235160 37.63  36.262928 -18.606435 27.477 -100.00 -100.00 -100.00
  25     2.031 54897.20235219 41.59  36.263944 -18.603964   -100 -100.00 -100.00 -100.00
  25     1.733 54897.20235278 37.00  36.264959 -18.601493   -100 -100.00 -100.00 -100.00
  26     2.769 54907.11799060 39.69  36.261483 -18.605687 17.643 -100.00 -100.00 -100.00
  26     2.053 54907.11799119 43.76  36.262499 -18.603216   -100 -100.00 -100.00 -100.00
  26     1.610 54907.11799178 50.22  36.263515 -18.600745 27.704 -100.00 -100.00 -100.00
  27     2.797 54917.03362810 40.77  36.261817 -18.605433 24.676 -100.00 -100.00 -100.00
  27     2.911 54917.03362869 43.71  36.262832 -18.602963 25.328 -100.00 -100.00 -100.00
  27     2.049 54917.03362928 42.86  36.263848 -18.600492 12.742 -100.00 -100.00 -100.00
  28     2.010 54926.94926513 35.10  36.263564 -18.607134   -100 -100.00 -100.00 -100.00
  28     2.186 54926.94926572 41.87  36.264580 -18.604663  4.455 -100.00 -100.00 -100.00
  28     2.080 54926.94926631 52.18  36.265595 -18.602192 22.424 -100.00 -100.00 -100.00
  29     2.349 54936.86490144 36.87  36.266419 -18.609767 21.033 -100.00 -100.00 -100.00
  29     2.502 54936.86490203 40.92  36.267435 -18.607296   -100 -100.00 -100.00 -100.00
  29     2.072 54936.86490262 48.93  36.268450 -18.604825   -100 -100.00 -100.00 -100.00
  30     3.206 54946.78053609 35.11  36.269816 -18.611905 22.743 -100.00 -100.00 -100.00
  30     2.377 54946.78053668 37.02  36.270832 -18.609434   -100 -100.00 -100.00 -100.00
  30     2.238 54946.78053727 34.72  36.271848 -18.606963   -100 -100.00 -100.00 -100.00
  31     1.874 54956.69616955 36.56  36.273779 -18.611303   -100 -100.00 -100.00 -100.00
  31     2.080 54956.69617014 41.68  36.274795 -18.608832   -100 -100.00 -100.00 -100.00
  32     2.921 54966.61181753 32.80  36.270690 -18.612110 20.822 -100.00 -100.00 -100.00
  32     0.921 54966.61181812 36.21  36.271706 -18.609639  2.466 -100.00 -100.00 -100.00
  32     0.899 54966.61181871 35.74  36.272722 -18.607168 11.306 -100.00 -100.00 -100.00
  33     2.838 54976.52746515 24.41  36.268520 -18.611503 11.970 -100.00 -100.00 -100.00
  33     2.319 54976.52746574 24.64  36.269536 -18.609032 12.873 -100.00 -100.00 -100.00
  33     1.632 54976.52746633 31.79  36.270552 -18.606561   -100 -100.00 -100.00 -100.00
  34     2.845 54986.44311315 19.33  36.267991 -18.610077  9.323 -100.00 -100.00 -100.00
  34     2.170 54986.44311374 19.80  36.269007 -18.607606  7.658 -100.00 -100.00 -100.00
  34     1.878 54986.44311433 21.84  36.270022 -18.605135 12.907 -100.00 -100.00 -100.00
  35     3.151 54996.35876110 36.71  36.268433 -18.609756 15.849 -100.00 -100.00 -100.00
  35     2.385 54996.35876169 41.88  36.269449 -18.607285   -100 -100.00 -100.00 -100.00
  35     2.051 54996.35876228 50.04  36.270465 -18.604814   -100 -100.00 -100.00 -100.00
  36     1.887 55006.27440711 27.78  36.268296 -18.610389 24.207 -100.00 -100.00 -100.00
  36     2.016 55006.27440770 30.73  36.269312 -18.607918   -100 -100.00 -100.00 -100.00
  36     2.571 55006.27440829 31.63  36.270328 -18.605448 27.411 -100.00 -100.00 -100.00
  37     1.547 55016.19005095 36.28  36.267941 -18.609603   -100 -100.00 -100.00 -100.00
  37     1.803 55016.19005154 39.97  36.268956 -18.607133   -100 -100.00 -100.00 -100.00
  37     1.516 55016.19005213 51.76  36.269972 -18.604662   -100 -100.00 -100.00 -100.00
  38     1.616 55026.10569270 38.88  36.266396 -18.610806 23.290 -100.00 -100.00 -100.00
  38     2.000 55026.10569329 40.99  36.267412 -18.608335 18.696 -100.00 -100.00 -100.00
  38     1.159 55026.10569388 46.31  36.268427 -18.605864   -100 -100.00 -100.00 -100.00
  38     1.010 55026.10569447 51.32  36.269443 -18.603394 25.840 -100.00 -100.00 -100.00
  39     1.582 55036.02133449 41.82  36.266800 -18.609397 31.727 -100.00 -100.00 -100.00
  39     1.163 55036.02133508 44.99  36.267816 -18.606926   -100 -100.00 -100.00 -100.00
  39     1.425 55036.02133567 50.67  36.268831 -18.604456   -100 -100.00 -100.00 -100.00
  40     1.018 55045.93697475 33.25  36.267867 -18.611784 30.430 -100.00 -100.00 -100.00
  40     1.119 55045.93697534 34.96  36.268882 -18.609314   -100 -100.00 -100.00 -100.00
  40     1.477 55045.93697593 36.60  36.269898 -18.606843   -100 -100.00 -100.00 -100.00
  41     2.384 55055.85261392 18.63  36.271591 -18.611884  8.521 -100.00 -100.00 -100.00
  41     2.029 55055.85261451 20.31  36.272607 -18.609413 11.939 -100.00 -100.00 -100.00
  41     2.104 55055.85261510 21.28  36.273622 -18.606943 13.682 -100.00 -100.00 -100.00
  42     4.145 55065.76825088 36.86  36.274307 -18.611742 14.998 -100.00 -100.00 -100.00
  42     3.251 55065.76825147 40.95  36.275322 -18.609272   -100 -100.00 -100.00 -100.00
  43     2.189 55075.68389898 24.58  36.270587 -18.612595  8.073 -100.00 -100.00 -100.00
  43     1.775 55075.68389957 24.62  36.271603 -18.610124  9.055 -100.00 -100.00 -100.00
  43     1.585 55075.68390016 24.54  36.272618 -18.607654  7.550 -100.00 -100.00 -100.00
  44     0.985 55085.59954702 27.85  36.266761 -18.610646   -100 -100.00 -100.00 -100.00
  44     1.369 55085.59954761 29.21  36.267776 -18.608175 29.591 -100.00 -100.00 -100.00
  44     1.362 55085.59954820 31.22  36.268792 -18.605705   -100 -100.00 -100.00 -100.00
  45     2.432 55095.51519397 28.12  36.264673 -18.608435 24.020 -100.00 -100.00 -100.00
  45     1.485 55095.51519456 30.56  36.265689 -18.605964   -100 -100.00 -100.00 -100.00
  45     2.535 55095.51519515 28.77  36.266704 -18.603494 26.638 -100.00 -100.00 -100.00
  46     1.235 55105.43084051 28.05  36.264186 -18.608208 31.086 -100.00 -100.00 -100.00
  46     1.295 55105.43084110 29.98  36.265201 -18.605737   -100 -100.00 -100.00 -100.00
  46     1.243 55105.43084169 31.07  36.266217 -18.603267   -100 -100.00 -100.00 -100.00
  47     2.444 55115.34648684 19.86  36.264699 -18.608253 11.589 -100.00 -100.00 -100.00
  47     2.219 55115.34648743 17.77  36.265715 -18.605783  7.797 -100.00 -100.00 -100.00
  47     1.960 55115.34648802 19.24  36.266730 -18.603312 10.000 -100.00 -100.00 -100.00
  48     3.366 55125.26213070 36.01  36.265335 -18.608502 24.324 -100.00 -100.00 -100.00
  48     2.968 55125.26213129 41.87  36.266351 -18.606032   -100 -100.00 -100.00 -100.00
  48     3.036 55125.26213188 44.11  36.267366 -18.603562   -100 -100.00 -100.00 -100.00
  49     2.443 55135.17777168 20.60  36.265567 -18.609150  7.499 -100.00 -100.00 -100.00
  49     2.299 55135.17777227 21.67  36.266582 -18.606680  8.758 -100.00 -100.00 -100.00
  49     2.148 55135.17777286 22.48  36.267598 -18.604209  9.866 -100.00 -100.00 -100.00
  50     1.152 55145.09341048 33.11  36.266088 -18.608955 24.472 -100.00 -100.00 -100.00
  50     1.124 55145.09341107 35.19  36.267104 -18.606484 30.447 -100.00 -100.00 -100.00
  50     1.132 55145.09341166 39.07  36.268119 -18.604014   -100 -100.00 -100.00 -100.00
  51     0.836 55155.00904792 34.64  36.266427 -18.610796 29.050 -100.00 -100.00 -100.00
  51     0.998 55155.00904851 36.07  36.267443 -18.608325 29.049 -100.00 -100.00 -100.00
  51     1.145 55155.00904910 37.81  36.268459 -18.605855 29.477 -100.00 -100.00 -100.00
  51     0.944 55155.00904969 40.86  36.269474 -18.603384   -100 -100.00 -100.00 -100.00
  52     2.048 55164.92468587 20.76  36.268003 -18.611837  9.550 -100.00 -100.00 -100.00
  52     1.177 55164.92468646 21.07  36.269019 -18.609366  9.377 -100.00 -100.00 -100.00
  52     1.121 55164.92468705 28.79  36.270035 -18.606896   -100 -100.00 -100.00 -100.00
  53     2.041 55174.84032368 18.70  36.270631 -18.612926  3.723 -100.00 -100.00 -100.00
  53     2.090 55174.84032427 19.12  36.271646 -18.610455  5.730 -100.00 -100.00 -100.00
  53     2.107 55174.84032486 21.62  36.272662 -18.607985  8.531 -100.00 -100.00 -100.00
  54     2.547 55184.75596431 20.87  36.273645 -18.611257 10.019 -100.00 -100.00 -100.00
  54     2.748 55184.75596490 21.66  36.274661 -18.608786 10.926 -100.00 -100.00 -100.00
  55     1.510 55194.67161552 16.70  36.270702 -18.610764  8.505 -100.00 -100.00 -100.00
  55     1.383 55194.67161611 19.06  36.271717 -18.608293 12.530 -100.00 -100.00 -100.00
  55     1.437 55194.67161670 20.94  36.272733 -18.605822 17.255 -100.00 -100.00 -100.00
  56     1.006 55204.58726532 29.29  36.266481 -18.611273   -100 -100.00 -100.00 -100.00
  56     1.055 55204.58726591 28.45  36.267497 -18.608802   -100 -100.00 -100.00 -100.00
  56     2.122 55204.58726650 23.97  36.268512 -18.606331 19.704 -100.00 -100.00 -100.00
  56     1.272 55204.58726709 30.29  36.269528 -18.603860   -100 -100.00 -100.00 -100.00
  57     1.248 55214.50291542 28.53  36.264890 -18.609001   -100 -100.00 -100.00 -100.00
  57     2.164 55214.50291601 29.58  36.265905 -18.606530   -100 -100.00 -100.00 -100.00
  57     1.174 55214.50291660 26.69  36.266921 -18.604059 27.991 -100.00 -100.00 -100.00
  58     1.114 55224.41856467 26.16  36.263902 -18.608681 16.609 -100.00 -100.00 -100.00
  58     1.189 55224.41856526 30.86  36.264918 -18.606210 28.269 -100.00 -100.00 -100.00
  58     1.218 55224.41856585 31.23  36.265933 -18.603739 26.653 -100.00 -100.00 -100.00
  58     1.090 55224.41856644 27.97  36.266949 -18.601268 21.373 -100.00 -100.00 -100.00
  59     2.727 55234.33421210 24.65  36.263434 -18.608722 18.490 -100.00 -100.00 -100.00
  59     2.622 55234.33421269 19.72  36.264450 -18.606251 10.355 -100.00 -100.00 -100.00
  59     2.187 55234.33421328 20.14  36.265465 -18.603780 11.789 -100.00 -100.00 -100.00
  59     2.223 55234.33421387 19.52  36.266481 -18.601309  9.356 -100.00 -100.00 -100.00
  60     3.192 55244.24985637 32.92  36.264012 -18.607673 32.090 -100.00 -100.00 -100.00
  60     3.072 55244.24985696 27.50  36.265027 -18.605202 17.621 -100.00 -100.00 -100.00
  60     2.931 55244.24985755 30.10  36.266043 -18.602731 26.145 -100.00 -100.00 -100.00
  61     3.202 55254.16549721 34.70  36.263236 -18.606809   -100 -100.00 -100.00 -100.00
  61     3.084 55254.16549780 29.17  36.264251 -18.604338 22.342 -100.00 -100.00 -100.00
  61     2.834 55254.16549839 39.80  36.265267 -18.601867 11.211 -100.00 -100.00 -100.00
  62     2.708 55264.08113585 42.99  36.262414 -18.605842   -100 -100.00 -100.00 -100.00
  62     2.810 55264.08113644 40.37  36.263430 -18.603371   -100 -100.00 -100.00 -100.00
  62     2.886 55264.08113703 36.94  36.264446 -18.600900 19.499 -100.00 -100.00 -100.00
  63     2.838 55273.99677301 45.30  36.263013 -18.606843   -100 -100.00 -100.00 -100.00
  63     2.899 55273.99677361 48.17  36.264029 -18.604372   -100 -100.00 -100.00 -100.00
  63     3.010 55273.99677420 51.36  36.265045 -18.601901   -100 -100.00 -100.00 -100.00
  64     2.082 55283.91240922 41.96  36.264775 -18.610554 30.948 -100.00 -100.00 -100.00
  64     2.164 55283.91240981 44.01  36.265791 -18.608083   -100 -100.00 -100.00 -100.00
  64     2.144 55283.91241040 46.97  36.266807 -18.605613   -100 -100.00 -100.00 -100.00
  64     1.974 55283.91241099 50.31  36.267822 -18.603142  7.224 -100.00 -100.00 -100.00
  65     2.948 55293.82804470 31.99  36.268569 -18.611442 19.027 -100.00 -100.00 -100.00
  65     2.373 55293.82804529 34.37  36.269585 -18.608971 28.744 -100.00 -100.00 -100.00
  65     2.362 55293.82804588 36.80  36.270600 -18.606501   -100 -100.00 -100.00 -100.00
  66     2.981 55303.74368148 36.66  36.270645 -18.612181  2.329 -100.00 -100.00 -100.00
  66     3.010 55303.74368207 31.39  36.271661 -18.609710   -100 -100.00 -100.00 -100.00
  66     2.859 55303.74368266 26.78  36.272677 -18.607239 20.324 -100.00 -100.00 -100.00
  67     3.338 55313.65932872 41.27  36.268657 -18.611019  2.665 -100.00 -100.00 -100.00
  67     3.418 55313.65932931 32.30  36.269673 -18.608549 19.377 -100.00 -100.00 -100.00
  67     3.092 55313.65932990 29.65  36.270688 -18.606078 13.976 -100.00 -100.00 -100.00
  68     2.961 55323.57497386 27.04  36.266946 -18.611296 11.990 -100.00 -100.00 -100.00
  68     2.048 55323.57497445 32.05  36.267962 -18.608825 32.200 -100.00 -100.00 -100.00
  68     2.143 55323.57497504 30.90  36.268978 -18.606354 25.788 -100.00 -100.00 -100.00
  68     2.085 55323.57497563 36.17  36.269994 -18.603883   -100 -100.00 -100.00 -100.00
  69     2.714 55333.49061816 27.01  36.266695 -18.610949 26.667 -100.00 -100.00 -100.00
  69     2.644 55333.49061875 25.23  36.267711 -18.608478 19.831 -100.00 -100.00 -100.00
  69     2.599 55333.49061934 22.15  36.268726 -18.606007 11.539 -100.00 -100.00 -100.00
  69     2.842 55333.49061993 22.91  36.269742 -18.603536 12.960 -100.00 -100.00 -100.00
  70     1.977 55343.40626227 43.87  36.266919 -18.610902   -100 -100.00 -100.00 -100.00
  70     2.158 55343.40626286 46.34  36.267935 -18.608431   -100 -100.00 -100.00 -100.00
  70     2.091 55343.40626345 48.01  36.268951 -18.605960   -100 -100.00 -100.00 -100.00
  71     2.536 55353.32190620 43.16  36.267862 -18.609834   -100 -100.00 -100.00 -100.00
  71     3.179 55353.32190679 46.33  36.268877 -18.607363 21.322 -100.00 -100.00 -100.00
  71     2.206 55353.32190738 52.41  36.269893 -18.604892 18.763 -100.00 -100.00 -100.00
  72     3.241 55363.23754754 29.15  36.268517 -18.610035 25.297 -100.00 -100.00 -100.00
  72     2.823 55363.23754813 23.16  36.269532 -18.607565 13.930 -100.00 -100.00 -100.00
  72     2.910 55363.23754872 25.35  36.270548 -18.605094 17.950 -100.00 -100.00 -100.00
  73     3.103 55373.15318673 35.41  36.269010 -18.610689 23.205 -100.00 -100.00 -100.00
  73     2.858 55373.15318732 43.36  36.270026 -18.608218 18.763 -100.00 -100.00 -100.00
  73     2.978 55373.15318791 46.67  36.271041 -18.605747   -100 -100.00 -100.00 -100.00
  74     2.594 55383.06882453 43.89  36.270310 -18.611179 32.402 -100.00 -100.00 -100.00
  74     2.808 55383.06882512 46.14  36.271325 -18.608708 29.096 -100.00 -100.00 -100.00
  74     2.547 55383.06882571 50.01  36.272341 -18.606238   -100 -100.00 -100.00 -100.00
  75     2.762 55392.98446166 45.97  36.272455 -18.610911   -100 -100.00 -100.00 -100.00
  75     2.759 55392.98446225 49.42  36.273471 -18.608440   -100 -100.00 -100.00 -100.00
  76     1.187 55402.90009707 43.12  36.275491 -18.611758   -100 -100.00 -100.00 -100.00
  76     1.333 55402.90009766 46.42  36.276507 -18.609288   -100 -100.00 -100.00 -100.00
  77     1.728 55412.81574843 40.00  36.273402 -18.611291 27.000 -100.00 -100.00 -100.00
  77     2.665 55412.81574902 43.19  36.274417 -18.608820 18.978 -100.00 -100.00 -100.00
  78     3.084 55422.73139710 30.56  36.270617 -18.610853 22.020 -100.00 -100.00 -100.00
  78     2.852 55422.73139769 31.72  36.271633 -18.608383 32.115 -100.00 -100.00 -100.00
  78     2.825 55422.73139828 35.60  36.272649 -18.605912   -100 -100.00 -100.00 -100.00
  79     2.622 55432.64704335 27.80  36.267879 -18.610341 26.473 -100.00 -100.00 -100.00
  79     2.672 55432.64704394 25.93  36.268895 -18.607871 18.255 -100.00 -100.00 -100.00
  79     2.705 55432.64704453 26.29  36.269910 -18.605400 19.127 -100.00 -100.00 -100.00
  80     1.387 55442.56268812 30.26  36.265593 -18.609664   -100 -100.00 -100.00 -100.00
  80     2.325 55442.56268871 23.08  36.266609 -18.607194 21.467 -100.00 -100.00 -100.00
  80     2.052 55442.56268930 20.57  36.267624 -18.604723 15.166 -100.00 -100.00 -100.00
  81     1.301 55452.47833161 31.53  36.264783 -18.609819   -100 -100.00 -100.00 -100.00
  81     2.407 55452.47833220 27.24  36.265799 -18.607348 23.644 -100.00 -100.00 -100.00
  81     1.715 55452.47833279 27.71  36.266814 -18.604878 28.023 -100.00 -100.00 -100.00
  81     2.247 55452.47833338 23.57  36.267830 -18.602407 13.778 -100.00 -100.00 -100.00
  82     1.059 55462.39397437 28.17  36.265763 -18.610724 31.336 -100.00 -100.00 -100.00
  82     1.202 55462.39397496 27.78  36.266779 -18.608254 30.293 -100.00 -100.00 -100.00
  82     2.060 55462.39397555 26.63  36.267794 -18.605783 28.317 -100.00 -100.00 -100.00
  82     2.017 55462.39397614 24.62  36.268810 -18.603313 22.213 -100.00 -100.00 -100.00
  83     1.067 55472.30961564 25.82  36.267811 -18.610608 27.060 -100.00 -100.00 -100.00
  83     0.956 55472.30961624 29.42  36.268826 -18.608137   -100 -100.00 -100.00 -100.00
  83     1.216 55472.30961683 28.18  36.269842 -18.605667   -100 -100.00 -100.00 -100.00
  84     2.633 55482.22525354 30.47  36.268641 -18.612137   -100 -100.00 -100.00 -100.00
  84     2.364 55482.22525413 26.49  36.269657 -18.609667 22.246 -100.00 -100.00 -100.00
  84     2.478 55482.22525472 27.63  36.270673 -18.607197 25.653 -100.00 -100.00 -100.00
  85     2.544 55492.14088952 26.50  36.269758 -18.611391 25.989 -100.00 -100.00 -100.00
  85     2.697 55492.14089011 25.62  36.270774 -18.608920 21.923 -100.00 -100.00 -100.00
  85     2.737 55492.14089070 25.35  36.271790 -18.606450 19.513 -100.00 -100.00 -100.00
  86     2.759 55502.05652365 37.29  36.272008 -18.610749 19.642 -100.00 -100.00 -100.00
  86     2.139 55502.05652424 48.55  36.273024 -18.608278   -100 -100.00 -100.00 -100.00
  87     1.126 55511.97216837 28.35  36.271459 -18.611257 30.640 -100.00 -100.00 -100.00
  87     1.224 55511.97216896 29.46  36.272475 -18.608787 29.985 -100.00 -100.00 -100.00
  87     1.138 55511.97216955 31.08  36.273490 -18.606316   -100 -100.00 -100.00 -100.00
  88     1.432 55521.88781794 41.89  36.270725 -18.610521   -100 -100.00 -100.00 -100.00
  88     1.066 55521.88781853 45.28  36.271741 -18.608051   -100 -100.00 -100.00 -100.00
  88     1.071 55521.88781912 49.50  36.272756 -18.605580  8.197 -100.00 -100.00 -100.00
  89     1.580 55531.80346593 36.59  36.269345 -18.610991 26.346 -100.00 -100.00 -100.00
  89     0.838 55531.80346652 42.26  36.270361 -18.608521  9.476 -100.00 -100.00 -100.00
  89     0.709 55531.80346711 45.52  36.271377 -18.606050   -100 -100.00 -100.00 -100.00
  90     2.103 55541.71911261 23.71  36.267804 -18.610859 12.674 -100.00 -100.00 -100.00
  90     2.162 55541.71911320 24.11  36.268820 -18.608389 13.637 -100.00 -100.00 -100.00
  90     2.201 55541.71911379 23.94  36.269835 -18.605918 13.308 -100.00 -100.00 -100.00
  91     2.873 55551.63475782 21.82  36.267069 -18.609098 10.435 -100.00 -100.00 -100.00
  91     2.959 55551.63475841 22.03  36.268085 -18.606628 10.361 -100.00 -100.00 -100.00
  91     2.992 55551.63475900 23.67  36.269101 -18.604157 15.167 -100.00 -100.00 -100.00
  92     2.564 55561.55040111 23.45  36.265417 -18.610505 17.925 -100.00 -100.00 -100.00
  92     2.630 55561.55040170 21.52  36.266432 -18.608034 13.508 -100.00 -100.00 -100.00
  92     2.641 55561.55040229 21.00  36.267448 -18.605563 11.835 -100.00 -100.00 -100.00
  92     2.950 55561.55040288 19.84  36.268463 -18.603092  8.670 -100.00 -100.00 -100.00
  93     1.765 55571.46604424 42.42  36.266191 -18.610532 11.350 -100.00 -100.00 -100.00
  93     1.725 55571.46604483 43.51  36.267206 -18.608061 22.618 -100.00 -100.00 -100.00
  93     1.624 55571.46604542 41.63  36.268222 -18.605590 20.233 -100.00 -100.00 -100.00
  93     1.475 55571.46604601 41.49  36.269237 -18.603119 14.270 -100.00 -100.00 -100.00
  94     2.048 55581.38168608 39.04  36.267296 -18.611433 31.663 -100.00 -100.00 -100.00
  94     2.089 55581.38168667 39.23  36.268312 -18.608962   -100 -100.00 -100.00 -100.00
  94     2.143 55581.38168726 42.62  36.269327 -18.606491   -100 -100.00 -100.00 -100.00
  95     3.250 55591.29732474 33.67  36.268324 -18.612133   -100 -100.00 -100.00 -100.00
  95     2.146 55591.29732533 33.10  36.269339 -18.609662   -100 -100.00 -100.00 -100.00
  95     1.946 55591.29732592 30.68  36.270355 -18.607191 30.931 -100.00 -100.00 -100.00
  96     3.110 55601.21296041 37.88  36.270136 -18.610970   -100 -100.00 -100.00 -100.00
  96     3.015 55601.21296100 27.12  36.271152 -18.608500 12.929 -100.00 -100.00 -100.00
  96     3.045 55601.21296159 27.25  36.272168 -18.606029 12.349 -100.00 -100.00 -100.00
  97     3.713 55611.12859341 45.95  36.271579 -18.610634 23.654 -100.00 -100.00 -100.00
  97     3.563 55611.12859400 34.77  36.272595 -18.608163 30.595 -100.00 -100.00 -100.00
  98     2.874 55621.04422479 41.93  36.272855 -18.613297   -100 -100.00 -100.00 -100.00
  98     2.723 55621.04422538 42.09  36.273871 -18.610826   -100 -100.00 -100.00 -100.00
  98     2.367 55621.04422597 44.18  36.274887 -18.608355 22.666 -100.00 -100.00 -100.00
  99     1.830 55630.95987737 47.48  36.270881 -18.611433   -100 -100.00 -100.00 -100.00
  99     1.731 55630.95987796 49.43  36.271897 -18.608962   -100 -100.00 -100.00 -100.00
  99     1.862 55630.95987855 52.56  36.272913 -18.606491   -100 -100.00 -100.00 -100.00
 100     2.545 55640.87552781 45.42  36.270408 -18.610649   -100 -100.00 -100.00 -100.00
 100     2.656 55640.87552840 44.51  36.271424 -18.608178   -100 -100.00 -100.00 -100.00
 100     2.484 55640.87552899 48.61  36.272440 -18.605707 18.897 -100.00 -100.00 -100.00
 101     1.324 55650.79117528 43.32  36.269481 -18.611491   -100 -100.00 -100.00 -100.00
 101     2.039 55650.79117587 45.47  36.270496 -18.609020 24.035 -100.00 -100.00 -100.00
 101     1.305 55650.79117646 49.45  36.271512 -18.606549  7.523 -100.00 -100.00 -100.00
 102     3.144 55660.70681973 31.10  36.268593 -18.609813 31.155 -100.00 -100.00 -100.00
 102     3.102 55660.70682032 24.39  36.269609 -18.607342 11.406 -100.00 -100.00 -100.00
 102     2.679 55660.70682091 24.34  36.270624 -18.604871 11.004 -100.00 -100.00 -100.00
 103     3.356 55670.62246042 30.11  36.266613 -18.610567 16.434 -100.00 -100.00 -100.00
 103     3.190 55670.62246101 26.31  36.267629 -18.608097  8.075 -100.00 -100.00 -100.00
 103     2.937 55670.62246160 24.96  36.268645 -18.605626  6.291 -100.00 -100.00 -100.00
 104     3.264 55680.53810008 23.64  36.267078 -18.609876 13.510 -100.00 -100.00 -100.00
 104     2.890 55680.53810067 19.92  36.268094 -18.607405  8.319 -100.00 -100.00 -100.00
 104     2.499 55680.53810126 21.13  36.269109 -18.604934 10.436 -100.00 -100.00 -100.00
 105     1.301 55690.45373797 31.47  36.269908 -18.610423   -100 -100.00 -100.00 -100.00
 105     1.413 55690.45373856 29.41  36.270924 -18.607952 31.877 -100.00 -100.00 -100.00
 105     1.450 55690.45373915 27.64  36.271940 -18.605481 27.014 -100.00 -100.00 -100.00
 106     1.726 55700.36937391 40.14  36.273021 -18.612350 28.824 -100.00 -100.00 -100.00
 106     1.493 55700.36937450 42.42  36.274037 -18.609879   -100 -100.00 -100.00 -100.00
 106     1.420 55700.36937509 45.48  36.275053 -18.607409   -100 -100.00 -100.00 -100.00
 107     1.139 55710.28501353 40.43  36.274370 -18.613351 28.050 -100.00 -100.00 -100.00
 107     1.329 55710.28501412 42.46  36.275386 -18.610880 26.805 -100.00 -100.00 -100.00
 107     1.208 55710.28501471 47.44  36.276401 -18.608410 32.330 -100.00 -100.00 -100.00
 108     1.487 55720.20066381 25.63  36.272166 -18.610675 28.166 -100.00 -100.00 -100.00
 108     1.690 55720.20066441 28.35  36.273181 -18.608204   -100 -100.00 -100.00 -100.00
 109     3.225 55730.11631109 31.57  36.269131 -18.610685 21.254 -100.00 -100.00 -100.00
 109     2.471 55730.11631168 37.06  36.270146 -18.608214 11.346 -100.00 -100.00 -100.00
 109     2.582 55730.11631227 48.67  36.271162 -18.605744 28.306 -100.00 -100.00 -100.00
 110     2.185 55740.03195726 35.63  36.268460 -18.609592   -100 -100.00 -100.00 -100.00
 110     2.710 55740.03195785 47.52  36.269475 -18.607122   -100 -100.00 -100.00 -100.00
 110     2.454 55740.03195844 52.46  36.270491 -18.604651  4.120 -100.00 -100.00 -100.00
 111     2.202 55749.94760185 33.15  36.268379 -18.610319 32.058 -100.00 -100.00 -100.00
 111     2.124 55749.94760244 34.66  36.269395 -18.607848 30.053 -100.00 -100.00 -100.00
 111     1.794 55749.94760303 40.22  36.270410 -18.605378 17.930 -100.00 -100.00 -100.00
 112     1.663 55759.86324440 41.45  36.269641 -18.610115 29.968 -100.00 -100.00 -100.00
 112     2.131 55759.86324499 46.26  36.270657 -18.607644   -100 -100.00 -100.00 -100.00
 112     1.795 55759.86324558 55.26  36.271672 -18.605173   -100 -100.00 -100.00 -100.00
 113     2.063 55769.77888384 37.36  36.270141 -18.611328 17.829 -100.00 -100.00 -100.00
 113     1.485 55769.77888443 39.42  36.271157 -18.608858 26.751 -100.00 -100.00 -100.00
 113     0.698 55769.77888502 45.85  36.272172 -18.606387 30.416 -100.00 -100.00 -100.00
 114     1.872 55779.69452060 35.34  36.270844 -18.610511 21.555 -100.00 -100.00 -100.00
 114     1.471 55779.69452119 37.02  36.271859 -18.608041   -100 -100.00 -100.00 -100.00
 115     2.451 55789.61015456 24.85  36.271129 -18.612097 21.218 -100.00 -100.00 -100.00
 115     2.249 55789.61015515 22.59  36.272144 -18.609627 16.226 -100.00 -100.00 -100.00
 115     2.058 55789.61015574 25.21  36.273160 -18.607156 19.210 -100.00 -100.00 -100.00
 116     2.356 55799.52578835 23.67  36.273908 -18.611372 20.317 -100.00 -100.00 -100.00
 116     2.125 55799.52578894 23.87  36.274923 -18.608901 19.939 -100.00 -100.00 -100.00
 117     1.425 55809.44143560 32.79  36.273087 -18.611560   -100 -100.00 -100.00 -100.00
 117     1.455 55809.44143619 30.56  36.274103 -18.609089   -100 -100.00 -100.00 -100.00
 118     1.437 55819.35708506 27.95  36.272989 -18.611130   -100 -100.00 -100.00 -100.00
 118     1.464 55819.35708565 28.37  36.274004 -18.608660   -100 -100.00 -100.00 -100.00
 119     1.146 55829.27272993 28.38  36.273227 -18.611518   -100 -100.00 -100.00 -100.00
 119     1.279 55829.27273052 26.42  36.274243 -18.609047 28.942 -100.00 -100.00 -100.00
 120     2.255 55839.18836991 36.65  36.272334 -18.612971 14.760 -100.00 -100.00 -100.00
 120     0.995 55839.18837050 39.52  36.273350 -18.610501   -100 -100.00 -100.00 -100.00
 120     1.643 55839.18837109 45.44  36.274366 -18.608031 29.471 -100.00 -100.00 -100.00
 121     2.097 55849.10400706 32.57  36.271767 -18.612456 23.561 -100.00 -100.00 -100.00
 121     2.338 55849.10400765 37.46  36.272783 -18.609986 22.084 -100.00 -100.00 -100.00
 121     2.671 55849.10400824 48.60  36.273799 -18.607516   -100 -100.00 -100.00 -100.00
 122     2.729 55859.01964196 23.03  36.272998 -18.612555  8.938 -100.00 -100.00 -100.00
 122     2.566 55859.01964255 24.11  36.274014 -18.610085 11.378 -100.00 -100.00 -100.00
 122     2.816 55859.01964314 30.15  36.275030 -18.607615 23.602 -100.00 -100.00 -100.00
 123     1.501 55868.93529029 30.66  36.272295 -18.612241 15.720 -100.00 -100.00 -100.00
 123     2.285 55868.93529088 37.41  36.273310 -18.609771 29.461 -100.00 -100.00 -100.00
 123     1.939 55868.93529148 37.44  36.274326 -18.607300   -100 -100.00 -100.00 -100.00
 124     1.475 55878.85094189 27.57  36.272581 -18.610984 20.369 -100.00 -100.00 -100.00
 124     1.567 55878.85094248 25.87  36.273597 -18.608513 18.074 -100.00 -100.00 -100.00
 125     1.514 55888.76658653 24.13  36.272650 -18.611569 18.875 -100.00 -100.00 -100.00
 125     1.671 55888.76658712 20.32  36.273665 -18.609098 10.202 -100.00 -100.00 -100.00
 125     1.580 55888.76658771 22.81  36.274681 -18.606628 15.293 -100.00 -100.00 -100.00
 126     1.309 55898.68222584 27.22  36.272952 -18.611293   -100 -100.00 -100.00 -100.00
 126     1.328 55898.68222643 23.35  36.273968 -18.608822 22.235 -100.00 -100.00 -100.00
 127     2.735 55908.59786021 20.69  36.273800 -18.612310 11.532 -100.00 -100.00 -100.00
 127     2.479 55908.59786080 21.33  36.274816 -18.609840 13.319 -100.00 -100.00 -100.00
 127     1.980 55908.59786139 26.34  36.275832 -18.607369 28.273 -100.00 -100.00 -100.00
 128     1.958 55918.51351004 22.15  36.271217 -18.610696 17.936 -100.00 -100.00 -100.00
 128     2.091 55918.51351063 20.98  36.272233 -18.608225 14.273 -100.00 -100.00 -100.00
 129     2.177 55928.42916354 17.19  36.268758 -18.610406  6.057 -100.00 -100.00 -100.00
 129     1.841 55928.42916413 18.43  36.269774 -18.607935  8.187 -100.00 -100.00 -100.00
 129     1.604 55928.42916472 20.54  36.270790 -18.605464 12.153 -100.00 -100.00 -100.00
 130     3.887 55938.34481354 37.49  36.267893 -18.610419 14.009 -100.00 -100.00 -100.00
 130     2.653 55938.34481413 41.57  36.268909 -18.607948 28.653 -100.00 -100.00 -100.00
 130     2.626 55938.34481472 52.53  36.269925 -18.605477   -100 -100.00 -100.00 -100.00
 131     3.185 55948.26045865 34.32  36.266997 -18.609810   -100 -100.00 -100.00 -100.00
 131     3.262 55948.26045924 27.92  36.268013 -18.607339 18.824 -100.00 -100.00 -100.00
 131     3.186 55948.26045983 24.70  36.269029 -18.604868 11.130 -100.00 -100.00 -100.00
 132     2.787 55958.17609880 42.27  36.265768 -18.610074 19.760 -100.00 -100.00 -100.00
 132     1.870 55958.17609939 45.81  36.266784 -18.607603   -100 -100.00 -100.00 -100.00
 132     1.729 55958.17609998 51.72  36.267800 -18.605132 13.633 -100.00 -100.00 -100.00
 132     2.041 55958.17610057 52.81  36.268815 -18.602662   -100 -100.00 -100.00 -100.00
 133     2.524 55968.09173633 40.30  36.265654 -18.610089 31.379 -100.00 -100.00 -100.00
 133     2.263 55968.09173692 42.36  36.266670 -18.607618   -100 -100.00 -100.00 -100.00
 133     2.255 55968.09173751 45.73  36.267686 -18.605147  6.536 -100.00 -100.00 -100.00
 133     2.173 55968.09173810 48.82  36.268702 -18.602676 28.748 -100.00 -100.00 -100.00
 134     2.562 55978.00737284 37.16  36.267580 -18.610215 32.527 -100.00 -100.00 -100.00
 134     2.007 55978.00737343 39.66  36.268595 -18.607744  8.197 -100.00 -100.00 -100.00
 134     1.932 55978.00737402 33.89  36.269611 -18.605273   -100 -100.00 -100.00 -100.00
 135     3.055 55987.92300843 39.35  36.270865 -18.611886 20.926 -100.00 -100.00 -100.00
 135     2.734 55987.92300902 42.48  36.271880 -18.609415 24.551 -100.00 -100.00 -100.00
 135     2.072 55987.92300961 47.53  36.272896 -18.606944   -100 -100.00 -100.00 -100.00
 136     3.290 55997.83864796 37.50  36.273431 -18.612870   -100 -100.00 -100.00 -100.00
 136     3.032 55997.83864855 26.94  36.274447 -18.610399 13.951 -100.00 -100.00 -100.00
 136     2.929 55997.83864914 27.00  36.275463 -18.607928 11.765 -100.00 -100.00 -100.00
 137     3.259 56007.75429890 33.79  36.271719 -18.611795   -100 -100.00 -100.00 -100.00
 137     3.011 56007.75429949 25.31  36.272735 -18.609324 14.909 -100.00 -100.00 -100.00
 137     2.948 56007.75430008 25.14  36.273751 -18.606853 13.898 -100.00 -100.00 -100.00
 138     2.969 56017.66994552 27.47  36.268931 -18.611663 18.479 -100.00 -100.00 -100.00
 138     1.338 56017.66994611 29.60  36.269947 -18.609192 23.177 -100.00 -100.00 -100.00
 138     1.428 56017.66994670 33.69  36.270963 -18.606721 29.840 -100.00 -100.00 -100.00
 139     3.022 56027.58558968 28.70  36.266499 -18.610471 22.824 -100.00 -100.00 -100.00
 139     2.911 56027.58559027 27.17  36.267515 -18.608000 20.452 -100.00 -100.00 -100.00
 139     2.436 56027.58559086 26.32  36.268531 -18.605529 19.163 -100.00 -100.00 -100.00
 140     3.128 56037.50123226 26.63  36.265403 -18.610580 23.254 -100.00 -100.00 -100.00
 140     2.979 56037.50123285 20.88  36.266419 -18.608109  8.587 -100.00 -100.00 -100.00
 140     2.544 56037.50123344 20.12  36.267435 -18.605638  7.781 -100.00 -100.00 -100.00
 140     2.245 56037.50123403 20.33  36.268451 -18.603167  9.062 -100.00 -100.00 -100.00
 141     1.658 56047.41687304 32.78  36.267465 -18.611137   -100 -100.00 -100.00 -100.00
 141     2.027 56047.41687363 32.50  36.268481 -18.608666   -100 -100.00 -100.00 -100.00
 141     1.833 56047.41687422 36.58  36.269497 -18.606195   -100 -100.00 -100.00 -100.00
 142     2.122 56057.33251131 36.85  36.271350 -18.610632   -100 -100.00 -100.00 -100.00
 142     2.124 56057.33251190 50.04  36.272366 -18.608161   -100 -100.00 -100.00 -100.00
 143     1.743 56067.24814478 36.63  36.275401 -18.612032   -100 -100.00 -100.00 -100.00
 143     1.753 56067.24814537 40.67  36.276417 -18.609561   -100 -100.00 -100.00 -100.00
 144     1.872 56077.16379320 40.44  36.272290 -18.612585 17.469 -100.00 -100.00 -100.00
 144     0.943 56077.16379379 43.63  36.273306 -18.610115   -100 -100.00 -100.00 -100.00
 144     1.002 56077.16379438 49.97  36.274322 -18.607644   -100 -100.00 -100.00 -100.00
 145     0.926 56087.07944135 41.57  36.268751 -18.612087   -100 -100.00 -100.00 -100.00
 145     1.114 56087.07944194 43.50  36.269767 -18.609616 32.415 -100.00 -100.00 -100.00
 145     0.643 56087.07944253 48.73  36.270782 -18.607145  8.401 -100.00 -100.00 -100.00
 146     1.126 56096.99508713 32.69  36.267545 -18.611354 30.338 -100.00 -100.00 -100.00
 146     1.193 56096.99508772 37.46  36.268560 -18.608883   -100 -100.00 -100.00 -100.00
 146     1.261 56096.99508831 48.95  36.269576 -18.606413 28.031 -100.00 -100.00 -100.00
 147     1.989 56106.91073108 39.04  36.268740 -18.610224   -100 -100.00 -100.00 -100.00
 147     2.617 56106.91073167 45.70  36.269756 -18.607753 27.938 -100.00 -100.00 -100.00
 147     2.004 56106.91073226 56.03  36.270772 -18.605282   -100 -100.00 -100.00 -100.00
 148     2.286 56116.82635988 22.13  36.269403 -18.612675 11.909 -100.00 -100.00 -100.00
 148     2.338 56116.82636047 21.65  36.270419 -18.610204 10.372 -100.00 -100.00 -100.00
 148     2.497 56116.82636106 21.73  36.271435 -18.607734 10.242 -100.00 -100.00 -100.00
 149     2.417 56126.74199721 30.85  36.271334 -18.612973 28.876 -100.00 -100.00 -100.00
 149     2.722 56126.74199780 33.91  36.272349 -18.610502 29.439 -100.00 -100.00 -100.00
 149     2.295 56126.74199839 29.81  36.273365 -18.608032   -100 -100.00 -100.00 -100.00
 150     1.778 56136.65763094 33.97  36.272840 -18.613043 16.953 -100.00 -100.00 -100.00
 150     0.939 56136.65763153 35.97  36.273856 -18.610572 22.769 -100.00 -100.00 -100.00
 150     1.054 56136.65763212 42.66  36.274872 -18.608102   -100 -100.00 -100.00 -100.00
 151     0.968 56146.57327502 30.75  36.270997 -18.612820 26.891 -100.00 -100.00 -100.00
 151     0.850 56146.57327561 32.86  36.272012 -18.610349   -100 -100.00 -100.00 -100.00
 151     0.725 56146.57327620 35.82  36.273028 -18.607878   -100 -100.00 -100.00 -100.00
 152     1.185 56156.48892487 26.36  36.269252 -18.611644 31.410 -100.00 -100.00 -100.00
 152     1.409 56156.48892546 27.07  36.270268 -18.609174 28.909 -100.00 -100.00 -100.00
 152     1.192 56156.48892605 28.97  36.271284 -18.606703   -100 -100.00 -100.00 -100.00
 153     1.333 56166.40457374 22.49  36.268708 -18.611576 23.746 -100.00 -100.00 -100.00
 153     1.469 56166.40457433 22.70  36.269723 -18.609106 23.367 -100.00 -100.00 -100.00
 153     1.418 56166.40457492 24.90  36.270739 -18.606635 31.801 -100.00 -100.00 -100.00
 154     2.224 56176.32022027 18.40  36.269006 -18.611663  9.310 -100.00 -100.00 -100.00
 154     2.210 56176.32022086 19.29  36.270022 -18.609192 11.426 -100.00 -100.00 -100.00
 154     2.135 56176.32022145 19.76  36.271038 -18.606722 11.504 -100.00 -100.00 -100.00
 155     0.265 56186.23586170 24.75  36.269619 -18.612366 21.074 -100.00 -100.00 -100.00
 155     2.571 56186.23586229 22.59  36.270635 -18.609895 13.754 -100.00 -100.00 -100.00
 155     2.364 56186.23586288 22.20  36.271650 -18.607425 14.359 -100.00 -100.00 -100.00
 156     1.471 56196.15149948 27.58  36.270286 -18.611603 28.897 -100.00 -100.00 -100.00
 156     1.603 56196.15150007 28.37  36.271302 -18.609133 29.884 -100.00 -100.00 -100.00
 156     1.600 56196.15150066 23.89  36.272318 -18.606662 16.150 -100.00 -100.00 -100.00
 157     0.688 56206.06713373 29.30  36.270788 -18.612452 25.736 -100.00 -100.00 -100.00
 157     0.954 56206.06713432 30.65  36.271803 -18.609982 22.737 -100.00 -100.00 -100.00
 157     0.729 56206.06713491 32.55  36.272819 -18.607511   -100 -100.00 -100.00 -100.00
 158     1.384 56215.98276685 38.77  36.273718 -18.611588 26.716 -100.00 -100.00 -100.00
 158     0.909 56215.98276744 39.42  36.274733 -18.609118   -100 -100.00 -100.00 -100.00
 159     1.032 56225.89840632 33.83  36.275485 -18.613109 18.583 -100.00 -100.00 -100.00
 159     1.216 56225.89840691 36.70  36.276501 -18.610639   -100 -100.00 -100.00 -100.00
 159     1.139 56225.89840750 49.11  36.277516 -18.608168   -100 -100.00 -100.00 -100.00
 160     2.152 56235.81406170 20.00  36.274592 -18.611370  7.045 -100.00 -100.00 -100.00
 160     2.116 56235.81406229 20.28  36.275608 -18.608900  8.693 -100.00 -100.00 -100.00
 161     2.412 56245.72971292 26.68  36.272617 -18.611335 21.998 -100.00 -100.00 -100.00
 161     2.065 56245.72971351 28.97  36.273632 -18.608864 29.059 -100.00 -100.00 -100.00
 162     1.658 56255.64535898 23.32  36.269866 -18.612686 25.169 -100.00 -100.00 -100.00
 162     1.626 56255.64535957 24.47  36.270882 -18.610215 29.406 -100.00 -100.00 -100.00
 162     1.838 56255.64536016 26.86  36.271897 -18.607745 30.395 -100.00 -100.00 -100.00
 163     1.066 56265.56100202 27.28  36.268914 -18.611699 30.882 -100.00 -100.00 -100.00
 163     1.324 56265.56100261 28.04  36.269929 -18.609228 29.762 -100.00 -100.00 -100.00
 163     1.094 56265.56100320 31.91  36.270945 -18.606757   -100 -100.00 -100.00 -100.00
 164     0.938 56275.47664376 31.86  36.269236 -18.610146   -100 -100.00 -100.00 -100.00
 164     1.205 56275.47664435 34.05  36.270252 -18.607676   -100 -100.00 -100.00 -100.00
 164     0.830 56275.47664494 36.91  36.271267 -18.605205   -100 -100.00 -100.00 -100.00
 165     1.121 56285.39228992 37.01  36.268141 -18.611494   -100 -100.00 -100.00 -100.00
 165     1.210 56285.39229051 40.63  36.269156 -18.609023   -100 -100.00 -100.00 -100.00
 165     1.209 56285.39229110 52.17  36.270172 -18.606552   -100 -100.00 -100.00 -100.00
 166     2.785 56295.30794146 24.47  36.267518 -18.609375 15.832 -100.00 -100.00 -100.00
 166     2.670 56295.30794205 23.04  36.268534 -18.606904 13.355 -100.00 -100.00 -100.00
 166     2.821 56295.30794264 25.27  36.269549 -18.604433 17.371 -100.00 -100.00 -100.00
 167     2.957 56305.22358837 24.25  36.266110 -18.608519 10.091 -100.00 -100.00 -100.00
 167     3.048 56305.22358896 23.69  36.267126 -18.606048  8.731 -100.00 -100.00 -100.00
 167     3.143 56305.22358955 23.39  36.268141 -18.603577  8.968 -100.00 -100.00 -100.00
 168     3.518 56315.13923094 38.66  36.264164 -18.609876 21.350 -100.00 -100.00 -100.00
 168     3.597 56315.13923153 40.68  36.265180 -18.607405 23.246 -100.00 -100.00 -100.00
 168     3.192 56315.13923212 41.61  36.266196 -18.604935   -100 -100.00 -100.00 -100.00
 168     3.087 56315.13923271 39.14  36.267211 -18.602464 32.437 -100.00 -100.00 -100.00
 169     3.272 56325.05487203 44.61  36.264701 -18.608538 22.513 -100.00 -100.00 -100.00
 169     2.707 56325.05487262 48.54  36.265717 -18.606067   -100 -100.00 -100.00 -100.00
 169     2.447 56325.05487321 52.07  36.266732 -18.603596 15.845 -100.00 -100.00 -100.00
 170     2.473 56334.97051178 45.86  36.266447 -18.609305 25.161 -100.00 -100.00 -100.00
 170     1.910 56334.97051237 48.78  36.267463 -18.606834   -100 -100.00 -100.00 -100.00
 170     1.878 56334.97051296 51.69  36.268478 -18.604363 15.410 -100.00 -100.00 -100.00
 171     3.001 56344.88615047 31.19  36.268950 -18.610891 24.763 -100.00 -100.00 -100.00
 171     2.932 56344.88615106 25.92  36.269966 -18.608420 12.259 -100.00 -100.00 -100.00
 171     2.601 56344.88615165 27.08  36.270981 -18.605949 15.914 -100.00 -100.00 -100.00
 172     2.926 56354.80178725 46.22  36.272190 -18.610784   -100 -100.00 -100.00 -100.00
 172     2.902 56354.80178784 39.48  36.273206 -18.608313 11.534 -100.00 -100.00 -100.00
 173     3.394 56364.71743151 43.95  36.270308 -18.612458 20.578 -100.00 -100.00 -100.00
 173     3.462 56364.71743210 38.85  36.271324 -18.609987   -100 -100.00 -100.00 -100.00
 173     3.280 56364.71743269 30.71  36.272340 -18.607516 24.913 -100.00 -100.00 -100.00
 174     2.977 56374.63308058 26.56  36.267776 -18.610452 18.139 -100.00 -100.00 -100.00
 174     2.698 56374.63308117 24.80  36.268792 -18.607982 15.079 -100.00 -100.00 -100.00
 174     2.457 56374.63308176 22.18  36.269807 -18.605511  9.322 -100.00 -100.00 -100.00
 176     2.462 56394.46437067 23.76  36.265097 -18.610355 16.949 -100.00 -100.00 -100.00
 176     1.183 56394.46437126 25.80  36.266113 -18.607884 22.731 -100.00 -100.00 -100.00
 176     1.360 56394.46437185 25.90  36.267128 -18.605413 21.417 -100.00 -100.00 -100.00
 176     1.436 56394.46437244 24.36  36.268144 -18.602941 19.143 -100.00 -100.00 -100.00
 177     1.360 56404.38001278 40.61  36.266568 -18.611108 30.787 -100.00 -100.00 -100.00
 177     1.059 56404.38001337 45.76  36.267584 -18.608637   -100 -100.00 -100.00 -100.00
 177     0.977 56404.38001396 51.16  36.268599 -18.606166 24.402 -100.00 -100.00 -100.00
 177     1.013 56404.38001455 54.15  36.269615 -18.603695   -100 -100.00 -100.00 -100.00
 178     2.933 56414.29565226 20.27  36.269674 -18.610391 10.160 -100.00 -100.00 -100.00
 178     2.494 56414.29565285 20.92  36.270690 -18.607920 11.121 -100.00 -100.00 -100.00
 178     2.238 56414.29565344 21.34  36.271706 -18.605449 13.446 -100.00 -100.00 -100.00
 179     2.597 56424.21128603 34.05  36.272690 -18.612517 20.755 -100.00 -100.00 -100.00
 179     2.812 56424.21128662 37.65  36.273706 -18.610046   -100 -100.00 -100.00 -100.00
 179     2.930 56424.21128721 50.06  36.274722 -18.607575  8.538 -100.00 -100.00 -100.00
 180     1.998 56434.12693139 36.00  36.271677 -18.611973   -100 -100.00 -100.00 -100.00
 180     2.078 56434.12693198 39.81  36.272692 -18.609502 24.872 -100.00 -100.00 -100.00
 180     2.229 56434.12693257 51.17  36.273708 -18.607032   -100 -100.00 -100.00 -100.00
 181     1.735 56444.04258309 46.85  36.268189 -18.609945 26.429 -100.00 -100.00 -100.00
 181     1.247 56444.04258368 49.90  36.269205 -18.607474   -100 -100.00 -100.00 -100.00
 181     1.044 56444.04258427 53.13  36.270220 -18.605004 23.177 -100.00 -100.00 -100.00
 182     1.044 56453.95823185 28.80  36.265956 -18.610013   -100 -100.00 -100.00 -100.00
 182     1.278 56453.95823244 30.90  36.266971 -18.607542   -100 -100.00 -100.00 -100.00
 182     1.250 56453.95823303 32.06  36.267987 -18.605071   -100 -100.00 -100.00 -100.00
 183     1.520 56463.87387824 41.90  36.265841 -18.609183 23.307 -100.00 -100.00 -100.00
 183     1.023 56463.87387883 45.28  36.266856 -18.606713   -100 -100.00 -100.00 -100.00
 183     0.812 56463.87387942 52.14  36.267872 -18.604242 18.941 -100.00 -100.00 -100.00
 184     1.791 56473.78952112 33.02  36.266403 -18.609160 20.447 -100.00 -100.00 -100.00
 184     2.328 56473.78952171 44.97  36.267418 -18.606689   -100 -100.00 -100.00 -100.00
 184     2.238 56473.78952230 48.16  36.268434 -18.604219   -100 -100.00 -100.00 -100.00
 185     3.376 56483.70516061 30.99  36.267158 -18.610007 25.090 -100.00 -100.00 -100.00
 185     2.778 56483.70516120 29.49  36.268174 -18.607537   -100 -100.00 -100.00 -100.00
 185     2.877 56483.70516179 24.34  36.269190 -18.605066 22.974 -100.00 -100.00 -100.00
 186     2.532 56493.62079725 21.97  36.268324 -18.610249  9.153 -100.00 -100.00 -100.00
 186     2.109 56493.62079784 21.16  36.269340 -18.607779  9.404 -100.00 -100.00 -100.00
 186     2.005 56493.62079843 20.72  36.270355 -18.605308  7.649 -100.00 -100.00 -100.00
 187     1.281 56503.53643152 28.56  36.270092 -18.612623   -100 -100.00 -100.00 -100.00
 187     1.392 56503.53643211 28.90  36.271107 -18.610152   -100 -100.00 -100.00 -100.00
 187     1.401 56503.53643270 28.72  36.272123 -18.607682   -100 -100.00 -100.00 -100.00
 188     0.754 56513.45206542 32.90  36.275484 -18.611442   -100 -100.00 -100.00 -100.00
 188     0.852 56513.45206601 33.19  36.276499 -18.608971   -100 -100.00 -100.00 -100.00
 189     0.673 56523.36771524 30.96  36.274752 -18.611893   -100 -100.00 -100.00 -100.00
 189     0.972 56523.36771583 28.99  36.275768 -18.609423 32.281 -100.00 -100.00 -100.00
 190     2.645 56533.28336743 17.13  36.272417 -18.611105  7.699 -100.00 -100.00 -100.00
 190     2.060 56533.28336802 19.63  36.273433 -18.608634 12.759 -100.00 -100.00 -100.00
 192     2.915 56553.11466023 32.93  36.267603 -18.610090   -100 -100.00 -100.00 -100.00
 192     3.490 56553.11466082 38.87  36.268619 -18.607620 31.981 -100.00 -100.00 -100.00
 192     3.350 56553.11466141 50.23  36.269634 -18.605149   -100 -100.00 -100.00 -100.00
 193     1.983 56563.03030272 41.94  36.267391 -18.609946   -100 -100.00 -100.00 -100.00
 193     1.804 56563.03030331 47.00  36.268406 -18.607475  2.289 -100.00 -100.00 -100.00
 193     1.710 56563.03030390 51.69  36.269422 -18.605005   -100 -100.00 -100.00 -100.00
 194     2.660 56572.94594393 43.84  36.268834 -18.610339 22.093 -100.00 -100.00 -100.00
 194     2.051 56572.94594453 48.20  36.269850 -18.607868   -100 -100.00 -100.00 -100.00
 194     1.818 56572.94594512 52.54  36.270865 -18.605398   -100 -100.00 -100.00 -100.00
 195     2.337 56582.86158328 46.02  36.271740 -18.610609 29.586 -100.00 -100.00 -100.00
 195     2.196 56582.86158387 50.15  36.272756 -18.608139   -100 -100.00 -100.00 -100.00
 196     2.263 56592.77721800 40.76  36.275328 -18.612332 29.553 -100.00 -100.00 -100.00
 196     2.392 56592.77721859 43.87  36.276343 -18.609862 31.062 -100.00 -100.00 -100.00
 196     2.247 56592.77721918 47.08  36.277359 -18.607391   -100 -100.00 -100.00 -100.00
 197     2.831 56602.69286910 32.65  36.271923 -18.613033   -100 -100.00 -100.00 -100.00
 197     2.830 56602.69286969 27.67  36.272938 -18.610562 27.400 -100.00 -100.00 -100.00
 197     2.733 56602.69287028 26.55  36.273954 -18.608092 24.289 -100.00 -100.00 -100.00
 198     2.556 56612.60851855 25.06  36.268722 -18.612430 19.920 -100.00 -100.00 -100.00
 198     2.517 56612.60851914 23.36  36.269737 -18.609960 16.451 -100.00 -100.00 -100.00
 198     2.617 56612.60851973 22.94  36.270753 -18.607489 13.785 -100.00 -100.00 -100.00
 198     2.678 56612.60852032 24.80  36.271769 -18.605018 18.182 -100.00 -100.00 -100.00
 199     1.451 56622.52416445 29.12  36.268275 -18.610512   -100 -100.00 -100.00 -100.00
 199     1.391 56622.52416504 30.91  36.269290 -18.608042   -100 -100.00 -100.00 -100.00
 199     1.403 56622.52416563 33.15  36.270306 -18.605571   -100 -100.00 -100.00 -100.00
 200     1.398 56632.43980743 29.07  36.268828 -18.609592   -100 -100.00 -100.00 -100.00
 200     1.350 56632.43980802 30.27  36.269843 -18.607121   -100 -100.00 -100.00 -100.00
 200     1.616 56632.43980861 26.19  36.270859 -18.604651 26.442 -100.00 -100.00 -100.00
 201     1.160 56642.35544579 46.98  36.270847 -18.610421   -100 -100.00 -100.00 -100.00
 201     0.876 56642.35544638 50.42  36.271863 -18.607950 32.323 -100.00 -100.00 -100.00
 202     1.664 56652.27109559 18.87  36.268146 -18.612141  9.713 -100.00 -100.00 -100.00
 202     1.849 56652.27109618 22.49  36.269161 -18.609670 16.492 -100.00 -100.00 -100.00
 202     2.001 56652.27109677 25.81  36.270177 -18.607200 19.687 -100.00 -100.00 -100.00
 202     1.713 56652.27109736 27.69  36.271193 -18.604729 30.412 -100.00 -100.00 -100.00
 203     2.764 56662.18674611 23.85  36.266262 -18.609290 14.293 -100.00 -100.00 -100.00
 203     2.409 56662.18674670 23.70  36.267277 -18.606820 14.452 -100.00 -100.00 -100.00
 203     2.489 56662.18674729 24.30  36.268293 -18.604349 15.812 -100.00 -100.00 -100.00
 204     2.302 56672.10239309 22.30  36.264701 -18.608016 10.614 -100.00 -100.00 -100.00
 204     2.687 56672.10239368 22.04  36.265716 -18.605545  9.562 -100.00 -100.00 -100.00
 204     2.484 56672.10239427 24.74  36.266732 -18.603074 16.956 -100.00 -100.00 -100.00
 205     1.877 56682.01803786 37.90  36.264460 -18.608554   -100 -100.00 -100.00 -100.00
 205     1.536 56682.01803845 42.81  36.265475 -18.606083   -100 -100.00 -100.00 -100.00
 205     1.647 56682.01803904 48.03  36.266491 -18.603613  5.260 -100.00 -100.00 -100.00
 206     2.636 56691.93368066 39.84  36.266350 -18.609127 30.494 -100.00 -100.00 -100.00
 206     2.375 56691.93368125 43.92  36.267365 -18.606657   -100 -100.00 -100.00 -100.00
 206     2.230 56691.93368184 47.42  36.268381 -18.604186 31.062 -100.00 -100.00 -100.00
 207     2.122 56701.84931951 42.44  36.269425 -18.610401   -100 -100.00 -100.00 -100.00
 207     2.238 56701.84932010 42.66  36.270441 -18.607930   -100 -100.00 -100.00 -100.00
 207     2.119 56701.84932069 44.04  36.271456 -18.605459   -100 -100.00 -100.00 -100.00
 208     3.029 56711.76495328 35.93  36.271839 -18.612209   -100 -100.00 -100.00 -100.00
 208     3.028 56711.76495387 30.38  36.272855 -18.609739 13.734 -100.00 -100.00 -100.00
 208     2.705 56711.76495446 31.08  36.273871 -18.607268 20.329 -100.00 -100.00 -100.00
 209     3.220 56721.68059861 30.57  36.269688 -18.610933 25.527 -100.00 -100.00 -100.00
 209     3.013 56721.68059920 25.98  36.270704 -18.608462 14.046 -100.00 -100.00 -100.00
 209     2.780 56721.68059979 25.80  36.271720 -18.605991 11.922 -100.00 -100.00 -100.00
 210     3.136 56731.59625016 37.91  36.265449 -18.609832   -100 -100.00 -100.00 -100.00
 210     3.212 56731.59625075 26.88  36.266465 -18.607361 16.094 -100.00 -100.00 -100.00
 210     2.794 56731.59625134 24.81  36.267481 -18.604890 11.532 -100.00 -100.00 -100.00
 210     2.727 56731.59625193 25.96  36.268497 -18.602419 14.884 -100.00 -100.00 -100.00
 211     2.764 56741.51189854 21.14  36.264514 -18.608282 10.547 -100.00 -100.00 -100.00
 211     2.533 56741.51189913 20.98  36.265530 -18.605811 10.342 -100.00 -100.00 -100.00
 211     2.267 56741.51189972 21.37  36.266545 -18.603340 12.157 -100.00 -100.00 -100.00
 212     2.859 56751.42754211 42.02  36.265341 -18.610116 18.676 -100.00 -100.00 -100.00
 212     2.038 56751.42754270 45.77  36.266357 -18.607645   -100 -100.00 -100.00 -100.00
 212     1.775 56751.42754329 51.36  36.267373 -18.605174 23.650 -100.00 -100.00 -100.00
 212     1.815 56751.42754388 52.36  36.268388 -18.602703 27.596 -100.00 -100.00 -100.00
 213     1.776 56761.34318081 42.88  36.268739 -18.611292   -100 -100.00 -100.00 -100.00
 213     1.488 56761.34318140 45.06  36.269755 -18.608820 11.833 -100.00 -100.00 -100.00
 213     1.600 56761.34318199 41.50  36.270770 -18.606349   -100 -100.00 -100.00 -100.00
 214     1.048 56771.25881286 36.82  36.273033 -18.611969   -100 -100.00 -100.00 -100.00
 214     1.118 56771.25881345 31.99  36.274049 -18.609498   -100 -100.00 -100.00 -100.00
 214     1.114 56771.25881404 31.37  36.275065 -18.607027   -100 -100.00 -100.00 -100.00
 215     2.149 56781.17446745 34.43  36.268763 -18.610425   -100 -100.00 -100.00 -100.00
 215     2.012 56781.17446804 29.32  36.269778 -18.607954   -100 -100.00 -100.00 -100.00
 215     1.931 56781.17446863 28.77  36.270794 -18.605483   -100 -100.00 -100.00 -100.00
 216     3.946 56791.09012178 36.22  36.264693 -18.608433 19.389 -100.00 -100.00 -100.00
 216     2.870 56791.09012237 41.17  36.265708 -18.605962 20.255 -100.00 -100.00 -100.00
 216     2.936 56791.09012296 45.51  36.266724 -18.603491 29.081 -100.00 -100.00 -100.00
 217     3.420 56801.00577325 36.28  36.262685 -18.605447 17.450 -100.00 -100.00 -100.00
 217     2.484 56801.00577384 48.32  36.263700 -18.602977   -100 -100.00 -100.00 -100.00
 217     2.069 56801.00577443 45.15  36.264716 -18.600506 31.181 -100.00 -100.00 -100.00
 218     1.960 56810.92141687 42.95  36.262745 -18.607142   -100 -100.00 -100.00 -100.00
 218     1.594 56810.92141746 47.12  36.263761 -18.604671  2.117 -100.00 -100.00 -100.00
 218     1.595 56810.92141805 51.31  36.264776 -18.602200 15.682 -100.00 -100.00 -100.00
 219     1.862 56820.83705591 40.80  36.264168 -18.609538 29.613 -100.00 -100.00 -100.00
 219     1.613 56820.83705650 42.71  36.265184 -18.607068   -100 -100.00 -100.00 -100.00
 219     1.797 56820.83705709 47.07  36.266200 -18.604597   -100 -100.00 -100.00 -100.00
 219     1.688 56820.83705768 49.39  36.267215 -18.602126   -100 -100.00 -100.00 -100.00
 220     1.259 56830.75269155 44.96  36.267037 -18.609676   -100 -100.00 -100.00 -100.00
 220     1.039 56830.75269214 48.83  36.268052 -18.607205   -100 -100.00 -100.00 -100.00
 220     1.014 56830.75269273 52.80  36.269068 -18.604734 13.705 -100.00 -100.00 -100.00
 221     3.312 56840.66832379 36.19  36.269585 -18.611226 16.987 -100.00 -100.00 -100.00
 221     2.200 56840.66832438 34.46  36.270601 -18.608755   -100 -100.00 -100.00 -100.00
 221     2.086 56840.66832497 26.47  36.271617 -18.606284 28.235 -100.00 -100.00 -100.00
 222     2.960 56850.58395932 26.42  36.271111 -18.612435 17.918 -100.00 -100.00 -100.00
 222     2.607 56850.58395991 24.53  36.272126 -18.609964 14.897 -100.00 -100.00 -100.00
 222     2.454 56850.58396050 26.82  36.273142 -18.607494 23.576 -100.00 -100.00 -100.00
 223     2.609 56860.49961402 20.30  36.268639 -18.610736 10.210 -100.00 -100.00 -100.00
 223     2.299 56860.49961461 22.26  36.269655 -18.608265 15.786 -100.00 -100.00 -100.00
 223     1.836 56860.49961520 22.41  36.270671 -18.605795 14.877 -100.00 -100.00 -100.00
 224     1.369 56870.41526776 41.71  36.267233 -18.611065   -100 -100.00 -100.00 -100.00
 224     1.619 56870.41526835 42.34  36.268249 -18.608594   -100 -100.00 -100.00 -100.00
 224     1.819 56870.41526894 45.05  36.269264 -18.606124   -100 -100.00 -100.00 -100.00
 225     3.030 56880.33091884 40.02  36.266433 -18.611365 16.097 -100.00 -100.00 -100.00
 225     2.202 56880.33091943 44.28  36.267449 -18.608894 30.223 -100.00 -100.00 -100.00
 225     1.777 56880.33092002 49.38  36.268464 -18.606424 13.167 -100.00 -100.00 -100.00
 225     1.837 56880.33092061 53.37  36.269480 -18.603953 20.163 -100.00 -100.00 -100.00
 226     1.373 56890.24656677 29.71  36.265873 -18.609109 24.484 -100.00 -100.00 -100.00
 226     1.121 56890.24656736 31.60  36.266888 -18.606639 30.531 -100.00 -100.00 -100.00
 226     1.076 56890.24656795 35.05  36.267904 -18.604168   -100 -100.00 -100.00 -100.00
 227     2.118 56900.16221126 31.39  36.263809 -18.608048   -100 -100.00 -100.00 -100.00
 227     2.406 56900.16221185 36.82  36.264825 -18.605577   -100 -100.00 -100.00 -100.00
 227     2.150 56900.16221244 24.39  36.265841 -18.603107 32.000 -100.00 -100.00 -100.00
 228     2.420 56910.07785360 34.22  36.262638 -18.606582   -100 -100.00 -100.00 -100.00
 228     2.369 56910.07785419 39.80  36.263653 -18.604111 26.408 -100.00 -100.00 -100.00
 228     2.364 56910.07785478 24.43  36.264669 -18.601641 15.579 -100.00 -100.00 -100.00
 229     2.129 56919.99349374 19.63  36.263526 -18.608055 10.154 -100.00 -100.00 -100.00
 229     2.030 56919.99349433 18.95  36.264542 -18.605585  8.571 -100.00 -100.00 -100.00
 229     2.086 56919.99349492 19.52  36.265557 -18.603114  8.102 -100.00 -100.00 -100.00
 229     2.336 56919.99349551 18.44  36.266572 -18.600644  6.751 -100.00 -100.00 -100.00
 230     1.529 56929.90913214 34.43  36.267539 -18.609164   -100 -100.00 -100.00 -100.00
 230     1.607 56929.90913273 34.71  36.268554 -18.606694   -100 -100.00 -100.00 -100.00
 230     1.730 56929.90913332 34.91  36.269569 -18.604223   -100 -100.00 -100.00 -100.00
 231     2.945 56939.82476579 21.27  36.272269 -18.611227 10.395 -100.00 -100.00 -100.00
 231     2.562 56939.82476638 22.68  36.273285 -18.608756 14.041 -100.00 -100.00 -100.00
 232     1.405 56949.74040261 34.16  36.274175 -18.613519   -100 -100.00 -100.00 -100.00
 232     1.549 56949.74040320 35.33  36.275191 -18.611049 32.540 -100.00 -100.00 -100.00
 232     1.314 56949.74040379 37.81  36.276206 -18.608578   -100 -100.00 -100.00 -100.00
 233     2.500 56959.65605501 21.07  36.270198 -18.611944 11.476 -100.00 -100.00 -100.00
 233     2.239 56959.65605560 23.68  36.271213 -18.609473 16.611 -100.00 -100.00 -100.00
 233     1.900 56959.65605619 24.39  36.272229 -18.607003 18.115 -100.00 -100.00 -100.00
 234     2.459 56969.57170263 22.08  36.267226 -18.610508 10.670 -100.00 -100.00 -100.00
 234     2.265 56969.57170322 22.71  36.268242 -18.608037 16.152 -100.00 -100.00 -100.00
 234     1.937 56969.57170382 25.10  36.269257 -18.605567 21.389 -100.00 -100.00 -100.00
 235     2.378 56979.48734645 19.26  36.266759 -18.610819  7.535 -100.00 -100.00 -100.00
 235     2.394 56979.48734704 19.87  36.267775 -18.608349  9.937 -100.00 -100.00 -100.00
 235     2.138 56979.48734763 20.47  36.268791 -18.605878  9.115 -100.00 -100.00 -100.00
 236     2.546 56989.40298624 19.63  36.269257 -18.610765  8.189 -100.00 -100.00 -100.00
 236     2.481 56989.40298683 19.68  36.270273 -18.608294  9.564 -100.00 -100.00 -100.00
 236     2.349 56989.40298742 20.84  36.271288 -18.605824 10.876 -100.00 -100.00 -100.00
 237     2.159 56999.31861978 22.27  36.273914 -18.611154 11.509 -100.00 -100.00 -100.00
 237     2.205 56999.31862037 25.23  36.274930 -18.608683 16.913 -100.00 -100.00 -100.00
 238     2.598 57009.23427230 42.11  36.270877 -18.611471 19.052 -100.00 -100.00 -100.00
 238     1.969 57009.23427289 45.93  36.271892 -18.609000   -100 -100.00 -100.00 -100.00
 238     1.586 57009.23427348 51.57  36.272908 -18.606530 28.196 -100.00 -100.00 -100.00
 239     1.795 57019.14992533 41.18  36.267683 -18.609478   -100 -100.00 -100.00 -100.00
 239     1.656 57019.14992592 45.13  36.268699 -18.607008  4.120 -100.00 -100.00 -100.00
 239     1.614 57019.14992651 47.56  36.269715 -18.604537 27.218 -100.00 -100.00 -100.00
 240     2.662 57029.06557479 22.94  36.265304 -18.608765  9.928 -100.00 -100.00 -100.00
 240     2.518 57029.06557538 21.87  36.266319 -18.606294  7.548 -100.00 -100.00 -100.00
 240     2.288 57029.06557597 21.23  36.267335 -18.603823  6.837 -100.00 -100.00 -100.00
 241     3.398 57038.98122211 49.21  36.264384 -18.609783   -100 -100.00 -100.00 -100.00
 241     3.468 57038.98122270 49.14  36.265399 -18.607313   -100 -100.00 -100.00 -100.00
 241     3.582 57038.98122329 51.13  36.266415 -18.604842   -100 -100.00 -100.00 -100.00
 241     3.640 57038.98122388 52.18  36.267431 -18.602371   -100 -100.00 -100.00 -100.00
 242     3.406 57048.89686738 49.45  36.265845 -18.610010 11.129 -100.00 -100.00 -100.00
 242     3.389 57048.89686797 49.47  36.266860 -18.607539 14.705 -100.00 -100.00 -100.00
 242     3.394 57048.89686856 49.52  36.267876 -18.605068 21.465 -100.00 -100.00 -100.00
 243     3.660 57058.81250892 46.33  36.268672 -18.610195   -100 -100.00 -100.00 -100.00
 243     3.488 57058.81250951 48.06  36.269688 -18.607724   -100 -100.00 -100.00 -100.00
 243     3.477 57058.81251010 51.21  36.270703 -18.605253   -100 -100.00 -100.00 -100.00
 244     3.115 57068.72814440 35.49  36.270388 -18.612198  1.291 -100.00 -100.00 -100.00
 244     3.114 57068.72814499 33.28  36.271403 -18.609727   -100 -100.00 -100.00 -100.00
 244     3.135 57068.72814558 23.78  36.272419 -18.607256 14.444 -100.00 -100.00 -100.00
 245     3.259 57078.64377647 34.49  36.272492 -18.611279   -100 -100.00 -100.00 -100.00
 245     3.192 57078.64377706 29.25  36.273508 -18.608808 18.417 -100.00 -100.00 -100.00
 246     3.217 57088.55941227 29.60  36.273318 -18.611291 23.374 -100.00 -100.00 -100.00
 246     3.087 57088.55941286 27.27  36.274334 -18.608820 14.476 -100.00 -100.00 -100.00
 247     3.636 57098.47507067 42.07  36.268779 -18.611125 15.237 -100.00 -100.00 -100.00
 247     2.638 57098.47507126 44.15  36.269794 -18.608653   -100 -100.00 -100.00 -100.00
 247     2.103 57098.47507185 56.56  36.270810 -18.606182   -100 -100.00 -100.00 -100.00
 248     2.865 57108.39072658 24.15  36.267537 -18.609763 15.024 -100.00 -100.00 -100.00
 248     2.856 57108.39072717 20.94  36.268553 -18.607292  7.326 -100.00 -100.00 -100.00
 248     2.560 57108.39072776 21.41  36.269568 -18.604821  8.710 -100.00 -100.00 -100.00
 249     2.738 57118.30637718 39.79  36.268152 -18.609365   -100 -100.00 -100.00 -100.00
 249     2.320 57118.30637777 46.59  36.269168 -18.606894 20.717 -100.00 -100.00 -100.00
 249     2.312 57118.30637836 48.57  36.270183 -18.604423 27.271 -100.00 -100.00 -100.00
 250     2.191 57128.22202093 38.70  36.267409 -18.611052   -100 -100.00 -100.00 -100.00
 250     1.857 57128.22202152 42.15  36.268424 -18.608581   -100 -100.00 -100.00 -100.00
 250     1.899 57128.22202211 47.22  36.269440 -18.606110   -100 -100.00 -100.00 -100.00
 251     1.332 57138.13765926 42.05  36.267171 -18.611050   -100 -100.00 -100.00 -100.00
 251     1.449 57138.13765986 45.34  36.268187 -18.608579   -100 -100.00 -100.00 -100.00
 251     1.530 57138.13766045 49.50  36.269203 -18.606108   -100 -100.00 -100.00 -100.00
 252     1.382 57148.05329383 35.39  36.268830 -18.610419   -100 -100.00 -100.00 -100.00
 252     2.475 57148.05329442 42.33  36.269845 -18.607948 19.881 -100.00 -100.00 -100.00
 252     1.823 57148.05329501 52.49  36.270861 -18.605477   -100 -100.00 -100.00 -100.00
 253     2.050 57157.96892546 32.49  36.272266 -18.611596 19.095 -100.00 -100.00 -100.00
 253     2.705 57157.96892605 45.01  36.273282 -18.609125 26.148 -100.00 -100.00 -100.00
 253     2.139 57157.96892664 49.19  36.274297 -18.606654   -100 -100.00 -100.00 -100.00
 254     1.954 57167.88457217 37.55  36.272916 -18.611050 23.732 -100.00 -100.00 -100.00
 254     1.978 57167.88457276 47.11  36.273931 -18.608580   -100 -100.00 -100.00 -100.00
 255     2.717 57177.80022767 33.45  36.270460 -18.610566 24.115 -100.00 -100.00 -100.00
 255     2.137 57177.80022826 39.18  36.271475 -18.608095  4.181 -100.00 -100.00 -100.00
 255     2.150 57177.80022885 42.36  36.272491 -18.605625 13.750 -100.00 -100.00 -100.00
 256     2.059 57187.71587881 37.48  36.267456 -18.611654 21.089 -100.00 -100.00 -100.00
 256     2.416 57187.71587940 40.01  36.268472 -18.609183 28.746 -100.00 -100.00 -100.00
 256     1.738 57187.71587999 52.68  36.269488 -18.606713   -100 -100.00 -100.00 -100.00
 256     2.026 57187.71588058 51.65  36.270504 -18.604242   -100 -100.00 -100.00 -100.00
 257     1.842 57197.63152689 34.50  36.266339 -18.609649 21.136 -100.00 -100.00 -100.00
 257     1.300 57197.63152748 38.29  36.267355 -18.607178   -100 -100.00 -100.00 -100.00
 257     1.189 57197.63152807 41.60  36.268370 -18.604707   -100 -100.00 -100.00 -100.00
 258     1.077 57207.54716130 29.11  36.265513 -18.609253   -100 -100.00 -100.00 -100.00
 258     0.849 57207.54716189 31.16  36.266528 -18.606783   -100 -100.00 -100.00 -100.00
 258     1.042 57207.54716248 30.08  36.267544 -18.604312   -100 -100.00 -100.00 -100.00
 259     1.144 57217.46280634 20.05  36.266229 -18.608762 13.956 -100.00 -100.00 -100.00
 259     1.253 57217.46280693 18.63  36.267245 -18.606291 11.033 -100.00 -100.00 -100.00
 259     1.376 57217.46280753 20.94  36.268261 -18.603820 16.022 -100.00 -100.00 -100.00
 260     1.855 57227.37845008 17.98  36.267579 -18.609949  8.074 -100.00 -100.00 -100.00
 260     1.844 57227.37845067 17.90  36.268595 -18.607478  8.103 -100.00 -100.00 -100.00
 260     1.907 57227.37845126 21.26  36.269611 -18.605007 13.504 -100.00 -100.00 -100.00
 261     2.909 57237.29409158 20.33  36.269059 -18.611540 10.136 -100.00 -100.00 -100.00
 261     2.716 57237.29409217 19.85  36.270074 -18.609069  8.489 -100.00 -100.00 -100.00
 261     2.516 57237.29409276 21.28  36.271090 -18.606599 12.460 -100.00 -100.00 -100.00
 262     2.190 57247.20973005 40.26  36.271081 -18.611035 22.557 -100.00 -100.00 -100.00
 262     2.010 57247.20973064 43.15  36.272096 -18.608565   -100 -100.00 -100.00 -100.00
 262     2.045 57247.20973123 54.38  36.273112 -18.606094 11.852 -100.00 -100.00 -100.00
 263     0.958 57257.12536550 41.24  36.272394 -18.611087 28.055 -100.00 -100.00 -100.00
 263     0.988 57257.12536609 50.75  36.273409 -18.608617 13.668 -100.00 -100.00 -100.00
 264     2.699 57267.04099912 39.08  36.273246 -18.613406 23.440 -100.00 -100.00 -100.00
 264     1.034 57267.04099971 41.29  36.274262 -18.610935   -100 -100.00 -100.00 -100.00
 264     0.955 57267.04100030 45.12  36.275277 -18.608465   -100 -100.00 -100.00 -100.00
 265     0.990 57276.95664489 29.08  36.273162 -18.613369   -100 -100.00 -100.00 -100.00
 265     1.177 57276.95664548 31.77  36.274177 -18.610899   -100 -100.00 -100.00 -100.00
 265     1.229 57276.95664607 31.59  36.275193 -18.608428   -100 -100.00 -100.00 -100.00
 266     1.778 57286.87230146 31.56  36.272235 -18.611462 22.418 -100.00 -100.00 -100.00
 266     1.987 57286.87230205 38.49  36.273251 -18.608992   -100 -100.00 -100.00 -100.00
 266     1.567 57286.87230264 48.65  36.274266 -18.606521 27.867 -100.00 -100.00 -100.00
 267     2.731 57296.78795501 22.17  36.270875 -18.610508 13.691 -100.00 -100.00 -100.00
 267     2.620 57296.78795560 22.37  36.271890 -18.608037 13.006 -100.00 -100.00 -100.00
 268     2.189 57306.70360494 18.74  36.269050 -18.610305  8.625 -100.00 -100.00 -100.00
 268     2.212 57306.70360553 19.28  36.270066 -18.607835 10.429 -100.00 -100.00 -100.00
 268     1.976 57306.70360612 21.77  36.271081 -18.605364 15.769 -100.00 -100.00 -100.00
 269     0.731 57316.61925164 20.80  36.266846 -18.608761 13.580 -100.00 -100.00 -100.00
 269     0.868 57316.61925223 19.94  36.267861 -18.606291 13.634 -100.00 -100.00 -100.00
 269     0.995 57316.61925282 20.72  36.268877 -18.603820 14.127 -100.00 -100.00 -100.00
 270     2.421 57326.53489492 22.02  36.264410 -18.609270 12.554 -100.00 -100.00 -100.00
 270     2.224 57326.53489551 22.96  36.265425 -18.606799 15.241 -100.00 -100.00 -100.00
 270     1.054 57326.53489610 23.42  36.266441 -18.604329 17.418 -100.00 -100.00 -100.00
 270     1.016 57326.53489669 22.74  36.267456 -18.601858 13.896 -100.00 -100.00 -100.00
 271     0.122 57336.45053686 21.77  36.265237 -18.608360 21.265 -100.00 -100.00 -100.00
 271     0.743 57336.45053745 20.36  36.266253 -18.605889 15.990 -100.00 -100.00 -100.00
 271     0.830 57336.45053804 18.78  36.267268 -18.603419 11.190 -100.00 -100.00 -100.00
 272     2.090 57346.36618478 18.56  36.265301 -18.608176 13.753 -100.00 -100.00 -100.00
 272     2.228 57346.36618537 16.36  36.266317 -18.605705  8.232 -100.00 -100.00 -100.00
 272     2.017 57346.36618597 17.28  36.267333 -18.603235  9.255 -100.00 -100.00 -100.00
 273     2.706 57356.28183242 18.88  36.264805 -18.608858  8.295 -100.00 -100.00 -100.00
 273     2.480 57356.28183301 18.49  36.265821 -18.606387  7.818 -100.00 -100.00 -100.00
 273     2.363 57356.28183360 18.74  36.266836 -18.603916  7.897 -100.00 -100.00 -100.00
 274     2.227 57366.19747647 35.64  36.264896 -18.609103   -100 -100.00 -100.00 -100.00
 274     3.057 57366.19747706 39.30  36.265912 -18.606633 22.631 -100.00 -100.00 -100.00
 274     2.429 57366.19747765 51.49  36.266928 -18.604162  4.120 -100.00 -100.00 -100.00
 275     1.609 57376.11311709 41.31  36.265661 -18.608874   -100 -100.00 -100.00 -100.00
 275     1.727 57376.11311768 46.23  36.266676 -18.606404   -100 -100.00 -100.00 -100.00
 275     1.642 57376.11311827 50.74  36.267692 -18.603933   -100 -100.00 -100.00 -100.00
 276     1.866 57386.02875513 38.37  36.266824 -18.610945 24.057 -100.00 -100.00 -100.00
 276     1.234 57386.02875572 41.16  36.267839 -18.608474   -100 -100.00 -100.00 -100.00
 276     1.137 57386.02875631 45.53  36.268855 -18.606004 21.943 -100.00 -100.00 -100.00
 277     2.153 57395.94439307 37.42  36.270111 -18.610830 15.817 -100.00 -100.00 -100.00
 277     1.039 57395.94439366 50.73  36.271127 -18.608359 13.790 -100.00 -100.00 -100.00
 277     1.054 57395.94439425 53.57  36.272143 -18.605888 21.892 -100.00 -100.00 -100.00
 278     1.992 57405.86002966 33.76  36.273447 -18.612386   -100 -100.00 -100.00 -100.00
 278     2.522 57405.86003026 36.67  36.274462 -18.609915   -100 -100.00 -100.00 -100.00
 278     2.355 57405.86003085 48.66  36.275478 -18.607445   -100 -100.00 -100.00 -100.00
 279     2.905 57415.77567912 23.40  36.272629 -18.611802 10.777 -100.00 -100.00 -100.00
 279     2.870 57415.77567971 22.14  36.273645 -18.609332  8.059 -100.00 -100.00 -100.00
 279     2.775 57415.77568030 25.41  36.274661 -18.606861 15.250 -100.00 -100.00 -100.00
 280     1.570 57425.69133041 25.55  36.270141 -18.610671  9.422 -100.00 -100.00 -100.00
 280     2.148 57425.69133100 25.39  36.271157 -18.608200  8.542 -100.00 -100.00 -100.00
 280     2.653 57425.69133160 22.58  36.272173 -18.605729  5.591 -100.00 -100.00 -100.00
 281     2.948 57435.60697880 23.22  36.266936 -18.610366 18.206 -100.00 -100.00 -100.00
 281     2.773 57435.60697939 20.62  36.267952 -18.607895 10.956 -100.00 -100.00 -100.00
 281     2.265 57435.60697998 22.38  36.268967 -18.605424 17.260 -100.00 -100.00 -100.00
 282     1.619 57445.52262557 36.69  36.265115 -18.610745 27.262 -100.00 -100.00 -100.00
 282     1.795 57445.52262616 40.34  36.266130 -18.608274 27.529 -100.00 -100.00 -100.00
 282     1.632 57445.52262675 43.32  36.267146 -18.605803   -100 -100.00 -100.00 -100.00
 282     1.136 57445.52262734 47.82  36.268162 -18.603332   -100 -100.00 -100.00 -100.00
 283     0.433 57455.43827183 29.54  36.265270 -18.610804 26.179 -100.00 -100.00 -100.00
 283     1.028 57455.43827242 26.97  36.266285 -18.608332 16.311 -100.00 -100.00 -100.00
 283     0.706 57455.43827301 31.48  36.267301 -18.605861   -100 -100.00 -100.00 -100.00
 283     0.714 57455.43827360 33.42  36.268316 -18.603390   -100 -100.00 -100.00 -100.00
 284     1.748 57465.35391633 39.58  36.267433 -18.609764 29.240 -100.00 -100.00 -100.00
 284     1.389 57465.35391692 44.30  36.268449 -18.607293   -100 -100.00 -100.00 -100.00
 284     1.323 57465.35391751 48.77  36.269464 -18.604822 25.477 -100.00 -100.00 -100.00
 285     2.926 57475.26955664 27.75  36.270012 -18.610290 22.224 -100.00 -100.00 -100.00
 285     2.768 57475.26955723 27.67  36.271028 -18.607819 24.393 -100.00 -100.00 -100.00
 285     2.913 57475.26955782 34.74  36.272043 -18.605348   -100 -100.00 -100.00 -100.00
 286     3.131 57485.18519269 31.26  36.270910 -18.612729   -100 -100.00 -100.00 -100.00
 286     3.135 57485.18519328 24.33  36.271926 -18.610258 10.781 -100.00 -100.00 -100.00
 286     3.023 57485.18519387 24.81  36.272942 -18.607787 13.191 -100.00 -100.00 -100.00
 287     2.896 57495.10082643 40.28  36.272653 -18.611917 19.261 -100.00 -100.00 -100.00
 287     1.768 57495.10082702 44.40  36.273669 -18.609446  2.694 -100.00 -100.00 -100.00
 287     1.708 57495.10082761 49.76  36.274685 -18.606975   -100 -100.00 -100.00 -100.00
 288     2.024 57505.01645833 41.23  36.275096 -18.612926 19.095 -100.00 -100.00 -100.00
 288     1.648 57505.01645892 44.24  36.276112 -18.610455 27.889 -100.00 -100.00 -100.00
 288     1.021 57505.01645951 49.50  36.277127 -18.607984  7.858 -100.00 -100.00 -100.00
 289     2.070 57514.93211396 42.34  36.271480 -18.612074 19.417 -100.00 -100.00 -100.00
 289     1.388 57514.93211455 44.93  36.272495 -18.609604   -100 -100.00 -100.00 -100.00
 289     0.968 57514.93211514 51.71  36.273511 -18.607133 13.868 -100.00 -100.00 -100.00
 290     0.944 57524.84776735 36.70  36.269536 -18.611783   -100 -100.00 -100.00 -100.00
 290     2.124 57524.84776794 41.35  36.270552 -18.609312 18.687 -100.00 -100.00 -100.00
 290     0.890 57524.84776853 52.86  36.271568 -18.606841   -100 -100.00 -100.00 -100.00
 291     2.598 57534.76341875 23.57  36.268450 -18.610511 12.207 -100.00 -100.00 -100.00
 291     2.503 57534.76341934 22.11  36.269466 -18.608041  9.957 -100.00 -100.00 -100.00
 291     2.399 57534.76341993 22.32  36.270482 -18.605570 10.146 -100.00 -100.00 -100.00
 292     3.009 57544.67906724 34.69  36.267049 -18.609451 28.414 -100.00 -100.00 -100.00
 292     3.149 57544.67906783 46.74  36.268065 -18.606980  4.437 -100.00 -100.00 -100.00
 292     3.143 57544.67906842 28.87  36.269081 -18.604509 19.911 -100.00 -100.00 -100.00
 293     2.501 57554.59471355 20.28  36.265894 -18.609494 11.352 -100.00 -100.00 -100.00
 293     1.976 57554.59471414 20.69  36.266910 -18.607023 12.983 -100.00 -100.00 -100.00
 293     1.523 57554.59471473 23.72  36.267925 -18.604552 22.989 -100.00 -100.00 -100.00
 294     0.883 57564.51035860 28.76  36.265973 -18.609983 31.816 -100.00 -100.00 -100.00
 294     0.980 57564.51035919 28.70  36.266989 -18.607513 29.523 -100.00 -100.00 -100.00
 294     0.863 57564.51035978 24.76  36.268005 -18.605042 18.317 -100.00 -100.00 -100.00
 295     1.000 57574.42600300 30.08  36.266439 -18.611348 21.898 -100.00 -100.00 -100.00
 295     0.964 57574.42600359 30.72  36.267454 -18.608877 24.586 -100.00 -100.00 -100.00
 295     1.210 57574.42600418 28.32  36.268470 -18.606406 15.027 -100.00 -100.00 -100.00
 295     1.217 57574.42600478 27.50  36.269486 -18.603936 11.613 -100.00 -100.00 -100.00
 296     2.302 57584.34164727 32.54  36.267460 -18.611037 27.280 -100.00 -100.00 -100.00
 296     0.912 57584.34164786 33.45  36.268476 -18.608566   -100 -100.00 -100.00 -100.00
 296     1.124 57584.34164845 35.21  36.269491 -18.606096   -100 -100.00 -100.00 -100.00
 297     2.765 57594.25728925 23.34  36.267854 -18.611644 17.592 -100.00 -100.00 -100.00
 297     2.668 57594.25728984 20.07  36.268870 -18.609174 10.325 -100.00 -100.00 -100.00
 297     2.457 57594.25729043 21.38  36.269885 -18.606703 12.683 -100.00 -100.00 -100.00
