#  124.351  -4.705   9.143 ;Mean Elev.(m), Avg Gradient(m/km), RMS Gradient(m/km) - SRTM1     
#  127.765  -3.899   9.403 ;Mean Elev.(m), Avg Gradient(m/km), RMS Gradient(m/km) - ASTER GDEM
#  120.957  -5.095   9.425 ;Mean Elev.(m), Avg Gradient(m/km), RMS Gradient(m/km) - GMTED2010 
   1  33.645328 -16.234327   182.690   182.737  7 54667.70636717 20.838
   6  33.647224 -16.235537   166.742   166.589  7 54717.28458961 22.572
   8  33.634065 -16.217097   120.694   120.762  9 54737.11588219 35.549
   9  33.625427 -16.202306   169.808   169.732 20 54747.03152558 19.506
  10  33.629861 -16.216535   243.901   254.348  6 54756.94717545  3.227
  12  33.633770 -16.216992   186.142   186.265  9 54776.77846207 10.075
  14  33.637032 -16.218422   120.617   120.638  9 54796.60974022 36.601
  15  33.643746 -16.231798   167.773   167.841  7 54806.52538190 21.890
  16  33.647959 -16.236182   172.137   167.276  8 54816.44102111  8.573
  17  33.646711 -16.235852   120.895   120.891  7 54826.35666971 49.407
  18  33.636404 -16.218576   121.557   121.574  9 54836.27230529 50.142
  19  33.626185 -16.203425   121.193   121.151 18 54846.18795148 50.705
  20  33.619339 -16.193250   122.942   122.948 19 54856.10359810 50.956
  21  33.616179 -16.188423   122.070   122.052 19 54866.01924583 52.157
  22  33.616317 -16.188467   122.386   122.377 19 54875.93489412 50.912
  23  33.619661 -16.193462   121.599   121.512 19 54885.85054075 34.494
  24  33.621537 -16.196768   121.630   121.611 21 54895.76618336 51.123
  25  33.620150 -16.194111   121.525   121.530 19 54905.68182195 49.469
  26  33.621777 -16.197638   122.017   121.990 20 54915.59746110 49.618
  27  33.624243 -16.201053   121.726   121.719 20 54925.51310028 34.632
  28  33.632224 -16.214408   120.852   120.878 11 54935.42874138 32.295
  29  33.639234 -16.221737   120.451   120.465  6 54945.34437926 41.046
  30  33.650003 -16.237015   119.673   119.639  8 54955.26001657 34.977
  31  33.647985 -16.236133   167.729   167.675  7 54965.17566346 26.036
  32  33.642488 -16.229229   120.379   120.155  7 54975.09130943 48.488
  33  33.636259 -16.218139   120.672   120.653  9 54985.00695388 50.567
  35  33.635855 -16.218190   120.664   120.666  9 55004.83824660 50.888
  36  33.634249 -16.216616   120.707   120.704  8 55014.75388958 48.932
  37  33.631902 -16.213723   120.855   120.780 11 55024.66953095 51.260
  38  33.628785 -16.207921   121.280   121.169 15 55034.58517134 50.668
  39  33.634047 -16.217646   120.855   120.864  8 55044.50081515 51.003
  40  33.642217 -16.228472   120.105   119.963  7 55054.41645795 48.470
  41  33.649559 -16.237771   119.293   119.246  8 55064.33209818 26.513
  42  33.646965 -16.235760   120.069   120.061  8 55074.24774439 46.963
  43  33.635756 -16.217623   120.792   120.851  8 55084.16338780 40.806
  44  33.627904 -16.205880   120.786   120.627 16 55094.07903104 27.977
  45  33.625402 -16.202071   120.855   120.828 20 55103.99467602 35.079
  46  33.626617 -16.203987   121.204   121.144 19 55113.91032218 31.814
  47  33.632074 -16.213677   121.067   121.004 11 55123.82596780 50.105
  48  33.635337 -16.218010   120.882   120.877  9 55133.74160935 51.142
  49  33.636135 -16.218224   120.371   120.347  8 55143.65724796 47.073
  50  33.636214 -16.218219   120.147   120.218  8 55153.57288621 26.990
  51  33.637706 -16.219498   120.411   120.457  8 55163.48852550 51.397
  52  33.646091 -16.234956   119.718   119.647  7 55173.40416813 38.047
  53  33.649687 -16.236995   119.691   119.718  8 55183.31980721 50.077
  54  33.645105 -16.234722   119.827   119.785  8 55193.23545828 39.216
  55  33.632136 -16.213992   120.720   120.653 11 55203.15110340 50.541
  56  33.623170 -16.199767   129.992   134.207 21 55213.06674929 26.402
  57  33.619551 -16.192833   121.409   121.411 20 55222.98239644 50.293
  58  33.622601 -16.198751   121.379   121.357 21 55232.89804523 50.805
  59  33.626472 -16.203809   121.064   121.029 19 55242.81369063 46.692
  60  33.626859 -16.204819   122.048   121.953 17 55252.72933156 49.460
  61  33.626389 -16.207309   123.084   123.106 14 55262.64497080 47.774
  62  33.623078 -16.199692   122.353   122.342 20 55272.56060699 51.163
  63  33.627691 -16.205806   122.565   122.454 17 55282.47624663 51.037
  64  33.636484 -16.217821   121.745   121.777  9 55292.39188671 44.746
  65  33.647961 -16.236549   121.102   121.099  7 55302.30752724 52.392
  66  33.645245 -16.234152   120.889   120.864  7 55312.22317461 32.823
  67  33.636660 -16.218178   121.757   121.773  8 55322.13881609 49.703
  68  33.634356 -16.217211   121.627   121.669  9 55332.05445961 49.222
  69  33.633014 -16.215890   121.814   121.814 10 55341.97010291 50.112
  70  33.634192 -16.216622   121.838   121.819  8 55351.88574650 50.687
  71  33.636351 -16.218295   122.002   121.999  8 55361.80138815 49.560
  72  33.637480 -16.219638   122.208   122.202  9 55371.71702759 49.921
  73  33.637807 -16.219695   122.186   122.214  8 55381.63266546 39.652
  74  33.642128 -16.228560   122.125   121.953  7 55391.54830497 45.399
  75  33.648038 -16.235979   119.475   119.475  8 55401.46394324 42.849
  76  33.648375 -16.236722   119.040   119.032  8 55411.37959326 36.615
  77  33.646885 -16.235739   119.306   119.298  8 55421.29524290 22.631
  78  33.637214 -16.216894   120.008   120.142  7 55431.21088524 48.894
  79  33.633787 -16.216665   120.394   120.415  9 55441.12652943 50.944
  80  33.627158 -16.204765   120.944   120.829 17 55451.04216925 48.181
  81  33.630542 -16.211308   120.720   120.666 13 55460.95781290 51.145
  82  33.636196 -16.218489   120.294   120.323  8 55470.87345557 50.796
  83  33.646005 -16.235347   119.356   119.328  7 55480.78909760 49.698
  84  33.648530 -16.236135   119.466   119.491  8 55490.70473336 50.042
  85  33.650822 -16.238211   119.300   119.297  7 55500.62036761 32.907
  86  33.648496 -16.236439   119.391   119.405  8 55510.53600971 44.171
  87  33.642793 -16.229644   119.941   119.804  8 55520.45165807 42.897
  88  33.636897 -16.218874   119.915   119.865  8 55530.36730470 27.286
  89  33.635803 -16.218427   120.927   120.891  8 55540.28295222 44.634
  90  33.634100 -16.216742   121.785   121.833  9 55550.19859721 50.807
  91  33.628471 -16.207181   122.701   122.603 16 55560.11423839 49.749
  92  33.627065 -16.205164   121.394   121.312 17 55570.02988044 48.610
  93  33.631549 -16.213057   121.182   121.136 12 55579.94552378 49.595
  94  33.636552 -16.217928   121.608   121.663  9 55589.86116376 45.535
  95  33.647578 -16.235692   122.245   122.233  8 55599.77680371 51.024
  96  33.650662 -16.236972   120.484   120.496  7 55609.69243739 49.860
  97  33.651374 -16.235524   119.695   119.695  2 55619.60806908 48.767
  98  33.647461 -16.235934   120.140   120.141  8 55629.52371902 47.850
  99  33.642956 -16.230089   120.036   119.939  9 55639.43936895 35.041
 100  33.639311 -16.221545   121.300   121.318  6 55649.35501611 46.695
 101  33.637095 -16.216482   121.322   121.452  7 55659.27066082 35.189
 102  33.637202 -16.218951   121.191   121.195  8 55669.18630336 48.348
 103  33.636309 -16.218311   120.501   120.487  8 55679.10194263 50.685
 104  33.638650 -16.221701   119.922   119.900  9 55689.01758076 50.154
 105  33.646992 -16.236771   119.271   119.257  7 55698.93322014 48.745
 106  33.649680 -16.236740   119.055   119.063  8 55708.84885709 37.573
 107  33.647259 -16.235992   120.691   120.690  7 55718.76450680 49.534
 108  33.638824 -16.221091   121.064   121.072  6 55728.68015071 49.193
 109  33.635624 -16.217478   120.137   120.163  9 55738.59579614 38.700
 110  33.634697 -16.217561   120.398   120.395  8 55748.51144147 45.029
 111  33.635277 -16.217715   120.373   120.387  9 55758.42708489 32.020
 112  33.638770 -16.221830   119.939   119.982  9 55768.34272664 50.487
 113  33.646827 -16.236639   119.354   119.330  7 55778.25836791 46.376
 114  33.648860 -16.236765   119.507   119.510  8 55788.17400294 49.811
 115  33.650973 -16.237524   119.499   119.503  7 55798.08963650 49.534
 116  33.649832 -16.237441   118.991   118.998  8 55808.00528021 51.341
 117  33.648153 -16.235953   119.616   119.618  7 55817.92092820 48.232
 118  33.649398 -16.236621   119.652   119.669  8 55827.83657303 50.382
 119  33.650728 -16.236920   119.647   119.638  7 55837.75221347 50.844
 120  33.651658 -16.238210   119.597   119.598  6 55847.66785114 50.348
 121  33.650923 -16.234725   119.710   119.670  3 55857.58348577 48.542
 122  33.650082 -16.237576   119.273   119.291  8 55867.49913199 25.895
 123  33.646863 -16.236185   119.761   119.753  7 55877.41478398 49.807
 124  33.645456 -16.234141   120.475   120.437  7 55887.33042971 47.600
 125  33.646724 -16.235856   120.279   120.282  7 55897.24607074 43.551
 126  33.649677 -16.238228   120.605   120.604  8 55907.16170686 49.003
 127  33.647003 -16.236589   119.826   119.824  7 55917.07735259 49.795
 128  33.636413 -16.218147   120.704   120.726  8 55926.99300135 48.237
 129  33.635122 -16.217462   120.523   120.484  8 55936.90865097 50.121
 130  33.635211 -16.217527   120.655   120.636  8 55946.82429595 49.257
 131  33.635895 -16.217756   121.464   121.477  9 55956.73993642 49.998
 132  33.636558 -16.218015   120.762   120.764  9 55966.65557460 49.373
 133  33.638497 -16.220977   120.564   120.545  9 55976.57121273 47.453
 134  33.646611 -16.235671   166.249   166.503  7 55986.48685323 21.310
 135  33.650480 -16.237377   119.697   119.680  7 55996.40249156 45.811
 136  33.647824 -16.235694   119.054   119.031  7 56006.31814321 30.354
 137  33.644424 -16.233000   120.163   120.045  8 56016.23379046 43.754
 138  33.635311 -16.217625   167.753   167.848  8 56026.14943143 22.686
 139  33.632286 -16.214548   168.593   168.424 11 56036.06507336 21.574
 140  33.634520 -16.217198   120.134   120.145  9 56045.98071464 48.872
 141  33.637940 -16.218855   119.955   119.977  8 56055.89635281 44.542
 142  33.649565 -16.237810   119.672   119.698  8 56065.81199112 50.263
 143  33.647768 -16.236833   119.482   119.486  7 56075.72763643 52.491
 144  33.636984 -16.218761   168.158   168.264  9 56085.64328063 20.939
 145  33.634710 -16.217016   120.299   120.322  8 56095.55892673 31.262
 146  33.635651 -16.217840   120.328   120.332  9 56105.47457175 35.285
 147  33.638086 -16.219607   120.294   120.297  8 56115.39020273 46.375
 148  33.646605 -16.235397   119.624   119.666  7 56125.30584491 35.627
 149  33.649562 -16.237279   119.491   119.495  8 56135.22147981 52.304
 150  33.648161 -16.235791   119.372   119.373  7 56145.13712086 51.882
 151  33.644283 -16.232848   119.579   119.464  8 56155.05276948 49.895
 152  33.638647 -16.221561   120.153   120.086  9 56164.96841503 49.878
 153  33.639027 -16.221368   120.355   120.578  6 56174.88406114 29.662
 154  33.646449 -16.235840   119.479   119.469  7 56184.79970573 46.259
 155  33.647578 -16.236017   119.491   119.477  7 56194.71534312 49.294
 156  33.648256 -16.236791   119.299   119.324  7 56204.63097796 38.504
 157  33.650249 -16.238441   119.284   119.253  8 56214.54661194 26.306
 158  33.651417 -16.235660   119.569   119.569  2 56224.46224801 18.287
 159  33.649838 -16.237818   119.262   119.229  8 56234.37790463 24.000
 160  33.646951 -16.235709   119.212   119.213  7 56244.29355635 45.664
 161  33.639710 -16.223346   119.767   119.795  8 56254.20920073 28.353
 162  33.635967 -16.217955   120.247   120.245  9 56264.12484240 49.175
 163  33.635388 -16.217322   120.874   120.854  9 56274.04048332 49.105
 164  33.636286 -16.217742   120.169   120.181  8 56283.95612755 50.000
 165  33.635970 -16.217731   120.604   120.608  9 56293.87177867 50.137
 166  33.635853 -16.218490   121.786   121.789  8 56303.78742562 48.977
 167  33.634610 -16.217931   166.836   166.947  8 56313.70306825 23.592
 168  33.631761 -16.213018   121.068   121.026 11 56323.61870809 47.366
 169  33.633817 -16.216857   121.311   121.329  8 56333.53434975 49.640
 170  33.637073 -16.219032   120.747   120.765  8 56343.44999075 47.664
 171  33.647572 -16.236509   119.571   119.579  7 56353.36563323 41.784
 172  33.648029 -16.236489   228.968   228.545  4 56363.28127651  2.317
 173  33.638243 -16.221060   120.913   120.871  9 56373.19692209 48.787
 175  33.625069 -16.202430   120.915   120.907 20 56393.02820760 51.155
 176  33.627946 -16.206101   120.658   120.571 17 56402.94385068 52.358
 177  33.635695 -16.217644   121.132   121.171  8 56412.85949283 25.870
 178  33.647424 -16.235863   119.387   119.380  7 56422.77513168 50.380
 179  33.647544 -16.236166   119.482   119.479  8 56432.69077361 50.647
 180  33.635330 -16.217951   120.371   120.385  9 56442.60642102 49.962
 181  33.627162 -16.205238   120.942   120.859 17 56452.52206753 51.620
 182  33.627063 -16.205258   120.814   120.602 17 56462.43771504 26.904
 183  33.631303 -16.212229   120.527   120.406 11 56472.35336107 48.636
 184  33.635451 -16.217489   120.362   120.386  9 56482.26900332 49.327
 185  33.637448 -16.219313   120.354   120.350  8 56492.18464090 48.553
 186  33.645167 -16.234241   119.502   119.472  7 56502.10027886 47.255
 187  33.650616 -16.238742   119.332   119.368  8 56512.01591275 51.316
 188  33.650455 -16.237256   119.520   119.563  7 56521.93155844 50.978
 189  33.648369 -16.235902   119.580   119.614  8 56531.84721008 50.261
 191  33.639367 -16.221593   121.329   121.343  6 56551.67849913 42.017
 192  33.635898 -16.218316   121.491   121.492  8 56561.59414072 41.207
 193  33.634694 -16.217193   121.534   121.545  8 56571.50978209 45.581
 194  33.637051 -16.218823   121.490   121.474  8 56581.42542295 46.878
 195  33.648991 -16.236755   120.042   120.042  8 56591.34106388 49.280
 196  33.648022 -16.235833   119.720   119.722  8 56601.25671282 32.748
 197  33.637332 -16.217021   120.290   120.528  7 56611.17235845 49.855
 198  33.635173 -16.217494   120.627   120.774  8 56621.08800391 26.719
 199  33.634377 -16.217231   120.140   120.169  9 56631.00364615 29.802
 200  33.638881 -16.221803   120.632   120.615  9 56640.91928581 48.836
 201  33.644193 -16.232512   120.042   119.962  8 56650.83493577 47.870
 202  33.638481 -16.221425   120.360   120.334  9 56660.75058330 49.641
 203  33.634774 -16.217127   120.649   120.631  8 56670.66622926 46.901
 204  33.631262 -16.212925   120.766   120.685 11 56680.58187349 48.606
 205  33.631627 -16.213413   120.993   120.930 11 56690.49751739 47.851
 206  33.636030 -16.218172   121.018   121.003  9 56700.41315930 45.587
 207  33.646985 -16.236080   166.132   166.129  7 56710.32879973 23.530
 208  33.646775 -16.236644   119.788   119.796  7 56720.24444273 33.030
 210  33.625046 -16.202688   121.263   121.260 20 56740.07573471 47.848
 211  33.622372 -16.197764   121.253   121.221 20 56749.99137742 50.467
 212  33.630045 -16.209671   120.866   120.722 13 56759.90701937 50.738
 213  33.645272 -16.234209   119.692   119.600  8 56769.82265808 50.422
 214  33.638090 -16.220386   120.104   120.118  9 56779.73830500 48.818
 215  33.629156 -16.208491   120.770   120.656 14 56789.65395680 49.601
 216  33.617534 -16.189675   122.394   122.308 19 56799.56960387 24.701
 217  33.614456 -16.184900   121.600   121.605 20 56809.48524834 49.016
 218  33.620010 -16.193972   121.687   121.307 19 56819.40089125 26.983
 219  33.631572 -16.213231   120.527   120.476 11 56829.31653294 44.046
 221  33.649733 -16.238269   119.333   119.341  8 56849.14780557 46.784
 222  33.639040 -16.222119   119.995   119.972  9 56859.06345549 32.476
 223  33.634133 -16.216583   120.501   120.509  8 56868.97910695 47.637
 224  33.631391 -16.212535   120.607   120.505 11 56878.89475655 50.713
 225  33.629085 -16.208293   120.753   120.685 15 56888.81040276 50.795
 226  33.626349 -16.203977   120.977   120.984 18 56898.72604623 51.556
 227  33.622732 -16.198885   121.125   121.104 21 56908.64168724 40.690
 228  33.621569 -16.196659   121.235   121.245 20 56918.55732750 50.824
 229  33.626975 -16.204946   121.100   121.063 17 56928.47296869 47.728
 230  33.636431 -16.217812   120.439   120.444  9 56938.38860717 50.540
 231  33.648638 -16.236534   119.416   119.391  8 56948.30424612 24.089
 232  33.642999 -16.230286   119.943   119.839  9 56958.21989804 28.738
 233  33.635037 -16.217250   120.796   120.765  8 56968.13554293 34.388
 234  33.633958 -16.216659   176.401   173.747  8 56978.05118680  7.676
 235  33.636026 -16.217963   120.700   120.688  9 56987.96682666 32.635
 236  33.648169 -16.236681   120.212   120.209  7 56997.88246471 28.538
 237  33.647790 -16.236039   120.495   120.501  8 57007.79811260 52.721
 238  33.639556 -16.222238   120.315   120.319  6 57017.71376234 49.485
 239  33.635093 -16.217579   180.574   177.124  9 57027.62941119 17.336
 240  33.631697 -16.213576   121.680   121.635 11 57037.54505879 51.445
 241  33.631287 -16.212473   121.398   121.315 11 57047.46070488 47.354
 242  33.634884 -16.216977   170.268   167.698  8 57057.37634885 22.143
 243  33.639193 -16.221747   120.612   120.627  6 57067.29198738 48.164
 244  33.646930 -16.236376   120.364   120.404  7 57077.20762382 49.689
 245  33.649838 -16.237988   179.279   181.071  8 57087.12325607 21.224
 246  33.636271 -16.217734   120.303   120.281  9 57097.03890952 51.210
 247  33.630576 -16.211318   120.526   120.435 13 57106.95456338 50.894
 248  33.629657 -16.209285   170.191   165.963 14 57116.87021350 21.760
 249  33.631991 -16.213428   120.750   120.685 11 57126.78585893 51.064
 250  33.634270 -16.217273   120.558   120.551  8 57136.70149886 49.827
 251  33.636480 -16.217984   120.411   120.430  9 57146.61713430 48.594
 252  33.646715 -16.235152   119.759   119.814  7 57156.53277156 50.690
 253  33.648409 -16.236900   120.650   120.697  7 57166.44841546 25.801
 254  33.639071 -16.221036   119.922   119.922  6 57176.36406812 44.064
 255  33.635680 -16.217813   120.223   120.190  8 57186.27971991 49.792
 256  33.633970 -16.217268   120.396   120.429  9 57196.19536818 49.334
 257  33.630130 -16.210517   120.731   120.626 14 57206.11100105 50.859
 258  33.629535 -16.209487   120.927   120.803 13 57216.02664540 50.534
 259  33.633949 -16.216715   120.356   120.353  9 57225.94229048 34.754
 260  33.636840 -16.218139   121.944   122.090  9 57235.85793217 24.021
 261  33.645260 -16.234253   119.571   119.516  7 57245.77357392 50.478
 262  33.647307 -16.236293   119.664   119.652  7 57255.68920972 50.932
 263  33.648524 -16.236723   119.442   119.433  8 57265.60484414 45.332
 264  33.648224 -16.235760   119.579   119.590  8 57275.52048676 50.198
 265  33.645602 -16.235055   119.843   119.647  8 57285.43614363 22.693
 266  33.638866 -16.221956   120.250   120.228  9 57295.35179490 41.254
 267  33.635500 -16.217489   120.826   121.115  9 57305.26744457 29.073
 268  33.630637 -16.211354   120.738   120.626 12 57315.18308995 33.290
 269  33.625118 -16.202799   120.958   120.937 20 57325.09873130 41.104
 270  33.626131 -16.204170   120.970   120.890 19 57335.01437310 48.435
 272  33.629098 -16.208232   120.876   120.734 15 57354.84566757 48.336
 273  33.632688 -16.214654   120.651   120.525 10 57364.76131279 47.375
 274  33.634499 -16.216862   120.642   120.668  8 57374.67695375 49.399
 275  33.635835 -16.217603   148.412   145.157  8 57384.59259290 12.346
 276  33.642330 -16.228742   120.204   120.081  8 57394.50823443 49.399
 277  33.649127 -16.237456   120.609   120.731  9 57404.42387474 24.796
 278  33.649119 -16.237228   119.699   119.716  8 57414.33952236 50.515
 279  33.644022 -16.231999   172.415   169.498  9 57424.25517299 11.590
 280  33.633653 -16.216345   120.488   120.472  8 57434.17081802 49.143
 281  33.624113 -16.200073   121.201   121.173 21 57444.08646085 48.703
 282  33.623376 -16.199449   121.578   121.589 20 57454.00210668 51.298
 283  33.627975 -16.206224   120.982   120.880 17 57463.91775248 39.652
 284  33.637160 -16.218879   120.397   120.375  8 57473.83339612 51.745
 286  33.648735 -16.236390   119.622   119.619  8 57493.66467091 47.406
 287  33.650782 -16.236725   119.570   119.604  7 57503.58030316 42.111
 288  33.647023 -16.236331   119.645   119.640  7 57513.49595617 24.937
 289  33.637186 -16.216892   120.089   120.280  7 57523.41160634 48.088
 290  33.636957 -16.218276   120.431   120.441  9 57533.32725926 46.893
 291  33.635739 -16.218073   120.096   120.114  9 57543.24290858 50.546
 292  33.633678 -16.216665   120.316   120.286  8 57553.15855467 49.017
 293  33.631185 -16.213043   120.207   120.122 11 57563.07419843 50.545
 294  33.630283 -16.210740   120.497   120.378 14 57572.98984193 44.136
 295  33.634005 -16.217113   120.155   120.149  8 57582.90548730 47.702
 296  33.636186 -16.218000   120.177   120.204  9 57592.82112953 50.198
 297  33.638000 -16.219858   120.163   120.183  8 57602.73676951 49.600
