#   95.238  -4.154  16.357 ;Mean Elev.(m), Avg Gradient(m/km), RMS Gradient(m/km) - SRTM1     
#  103.268  -3.926  16.456 ;Mean Elev.(m), Avg Gradient(m/km), RMS Gradient(m/km) - ASTER GDEM
#   95.309  -4.138  16.742 ;Mean Elev.(m), Avg Gradient(m/km), RMS Gradient(m/km) - GMTED2010 
   1    92.791 54666.17609029 44.93  34.204156 -16.717397 29.181 -100.00 -100.00 -100.00
   1    92.892 54666.17609088 45.57  34.205147 -16.714921 30.936 -100.00 -100.00 -100.00
   2    92.923 54676.09173486 45.57  34.204028 -16.715595   -100 -100.00 -100.00 -100.00
   2    93.014 54676.09173545 47.46  34.205019 -16.713118   -100 -100.00 -100.00 -100.00
   3    -8.844 54686.00737731  0.96  34.204202 -16.716736  2.926 -100.00 -100.00 -100.00
   3    -7.731 54686.00737790  1.24  34.205192 -16.714260  3.784 -100.00 -100.00 -100.00
  11    92.400 54765.33254879 28.11  34.197401 -16.714438 15.489 -100.00 -100.00 -100.00
  11    92.255 54765.33254938 28.78  34.198391 -16.711961 17.389 -100.00 -100.00 -100.00
  11    92.299 54765.33254997 30.99  34.199382 -16.709485 23.885 -100.00 -100.00 -100.00
  11    92.601 54765.33255056 33.56  34.200372 -16.707008 29.767 -100.00 -100.00 -100.00
  16    93.876 54814.91074563 44.94  34.205063 -16.717613 22.718 -100.00 -100.00 -100.00
  16    93.922 54814.91074622 46.68  34.206053 -16.715136 27.744 -100.00 -100.00 -100.00
  17    93.765 54824.82639135 45.09  34.205092 -16.717671 25.284 -100.00 -100.00 -100.00
  17    93.843 54824.82639194 46.04  34.206082 -16.715194 32.639 -100.00 -100.00 -100.00
  19    93.947 54844.65768105 45.91  34.198594 -16.715526 26.420 -100.00 -100.00 -100.00
  19    93.607 54844.65768164 47.65  34.199585 -16.713048   -100 -100.00 -100.00 -100.00
  20    94.124 54854.57333083 47.07  34.197133 -16.713322 25.782 -100.00 -100.00 -100.00
  20    93.937 54854.57333142 48.84  34.198124 -16.710844   -100 -100.00 -100.00 -100.00
  20    94.098 54854.57333201 43.93  34.199114 -16.708367 25.384 -100.00 -100.00 -100.00
  21    93.609 54864.48898124 45.34  34.198184 -16.708817   -100 -100.00 -100.00 -100.00
  21    93.557 54864.48898183 43.81  34.199175 -16.706340 30.999 -100.00 -100.00 -100.00
  22    93.374 54874.40463032 34.76  34.197963 -16.708770 29.450 -100.00 -100.00 -100.00
  22    93.200 54874.40463091 35.43  34.198953 -16.706293 28.936 -100.00 -100.00 -100.00
  23    93.582 54884.32027655 45.21  34.197844 -16.709413 29.048 -100.00 -100.00 -100.00
  23    93.346 54884.32027714 45.20  34.198834 -16.706936 32.648 -100.00 -100.00 -100.00
  24    93.489 54894.23591918 47.33  34.196969 -16.709609   -100 -100.00 -100.00 -100.00
  24    93.653 54894.23591977 45.65  34.197960 -16.707131   -100 -100.00 -100.00 -100.00
  24    93.758 54894.23592036 45.10  34.198950 -16.704654 29.684 -100.00 -100.00 -100.00
  26    94.626 54914.06719804 48.67  34.197207 -16.705854   -100 -100.00 -100.00 -100.00
  26    94.747 54914.06719863 46.53  34.198198 -16.703377   -100 -100.00 -100.00 -100.00
  27    93.492 54923.98283477 48.02  34.197294 -16.709665   -100 -100.00 -100.00 -100.00
  27    93.729 54923.98283536 46.57  34.198284 -16.707188   -100 -100.00 -100.00 -100.00
  28    93.342 54933.89847076 44.71  34.199017 -16.713961 26.565 -100.00 -100.00 -100.00
  28    93.292 54933.89847135 44.25  34.200008 -16.711484 27.696 -100.00 -100.00 -100.00
  29    93.212 54943.81410533 40.32  34.202460 -16.716638 21.085 -100.00 -100.00 -100.00
  29    92.868 54943.81410592 40.91  34.203451 -16.714160 25.721 -100.00 -100.00 -100.00
  34   142.810 54993.39232638  5.34  34.201978 -16.716435  4.339 -100.00 -100.00 -100.00
  34   142.540 54993.39232697  6.86  34.202968 -16.713958  4.564 -100.00 -100.00 -100.00
  35    93.171 55003.30797296 44.64  34.201946 -16.716058 27.123 -100.00 -100.00 -100.00
  35    93.323 55003.30797355 47.19  34.202936 -16.713581 27.248 -100.00 -100.00 -100.00
  37    93.185 55023.13925995 43.69  34.199612 -16.715358 23.296 -100.00 -100.00 -100.00
  37    93.276 55023.13926054 47.32  34.200602 -16.712881 24.115 -100.00 -100.00 -100.00
  38    93.193 55033.05490188 41.89  34.199743 -16.714809 26.892 -100.00 -100.00 -100.00
  38    93.472 55033.05490247 44.73  34.200733 -16.712333 26.912 -100.00 -100.00 -100.00
  39   140.909 55042.97054293 19.87  34.201267 -16.715520 10.481 -100.00 -100.00 -100.00
  39   140.634 55042.97054352 27.76  34.202257 -16.713043 18.067 -100.00 -100.00 -100.00
  42    93.186 55072.71746408 44.05  34.205328 -16.716745 20.421 -100.00 -100.00 -100.00
  42    93.067 55072.71746467 44.82  34.206319 -16.714269 31.340 -100.00 -100.00 -100.00
  44   148.420 55092.54875963 23.77  34.198779 -16.713730  9.653 -100.00 -100.00 -100.00
  44   145.766 55092.54876023 22.79  34.199769 -16.711253  8.949 -100.00 -100.00 -100.00
  45   148.167 55102.46440681 19.63  34.197978 -16.712641  6.938 -100.00 -100.00 -100.00
  45   143.092 55102.46440740 27.79  34.198968 -16.710164 16.537 -100.00 -100.00 -100.00
  45   139.841 55102.46440799 21.63  34.199959 -16.707687 24.438 -100.00 -100.00 -100.00
  46   142.197 55112.38005314 23.87  34.197520 -16.714398 12.240 -100.00 -100.00 -100.00
  46   140.117 55112.38005373 25.78  34.198510 -16.711921 15.709 -100.00 -100.00 -100.00
  46   140.513 55112.38005432 13.32  34.199500 -16.709444 15.170 -100.00 -100.00 -100.00
  46   140.926 55112.38005491 16.66  34.200490 -16.706967 31.475 -100.00 -100.00 -100.00
  47    93.146 55122.29569740 31.09  34.198220 -16.715349  9.744 -100.00 -100.00 -100.00
  47    92.984 55122.29569799 34.08  34.199210 -16.712872 15.031 -100.00 -100.00 -100.00
  47    93.395 55122.29569858 37.29  34.200200 -16.710395 22.656 -100.00 -100.00 -100.00
  48    92.818 55132.21133932 31.57  34.199684 -16.713408 25.614 -100.00 -100.00 -100.00
  48    92.836 55132.21133991 28.48  34.200674 -16.710931 17.546 -100.00 -100.00 -100.00
  49    91.935 55142.12697799 25.31  34.198676 -16.715417 32.693 -100.00 -100.00 -100.00
  49    93.121 55142.12697858 37.99  34.199666 -16.712940 14.439 -100.00 -100.00 -100.00
  50    92.487 55152.04261639 27.03  34.199074 -16.714970 21.186 -100.00 -100.00 -100.00
  50    92.487 55152.04261698 26.23  34.200065 -16.712493 15.735 -100.00 -100.00 -100.00
  52    92.556 55171.87389303 41.59  34.204404 -16.716474 27.884 -100.00 -100.00 -100.00
  52    92.346 55171.87389362 42.38  34.205395 -16.713997 26.967 -100.00 -100.00 -100.00
  54    92.974 55191.70517951 40.02  34.204464 -16.717382 23.249 -100.00 -100.00 -100.00
  54    92.710 55191.70518010 42.24  34.205455 -16.714905 26.016 -100.00 -100.00 -100.00
  55    92.456 55201.62083017 25.80  34.200921 -16.714915 13.442 -100.00 -100.00 -100.00
  55    92.613 55201.62083076 30.62  34.201911 -16.712438 22.618 -100.00 -100.00 -100.00
  56    92.881 55211.53648011 47.06  34.198137 -16.714333 29.412 -100.00 -100.00 -100.00
  56    92.881 55211.53648070 50.19  34.199127 -16.711856   -100 -100.00 -100.00 -100.00
  56    92.789 55211.53648129 52.46  34.200118 -16.709379   -100 -100.00 -100.00 -100.00
  57    93.387 55221.45212986 46.43  34.197760 -16.713571 20.093 -100.00 -100.00 -100.00
  57    93.114 55221.45213045 48.80  34.198750 -16.711094 32.017 -100.00 -100.00 -100.00
  57    93.117 55221.45213104 46.84  34.199740 -16.708617   -100 -100.00 -100.00 -100.00
  58    93.551 55231.36777828 46.18  34.197433 -16.713658 21.356 -100.00 -100.00 -100.00
  58    93.360 55231.36777887 49.44  34.198424 -16.711181 26.097 -100.00 -100.00 -100.00
  58    92.996 55231.36777946 51.00  34.199414 -16.708704   -100 -100.00 -100.00 -100.00
  59    93.266 55241.28342333 46.28  34.197483 -16.713923 22.368 -100.00 -100.00 -100.00
  59    93.101 55241.28342392 49.13  34.198474 -16.711446 31.911 -100.00 -100.00 -100.00
  59    92.995 55241.28342451 49.87  34.199464 -16.708968   -100 -100.00 -100.00 -100.00
  60    94.571 55251.19906553 48.00  34.197798 -16.709825 21.184 -100.00 -100.00 -100.00
  60    94.324 55251.19906612 46.56  34.198788 -16.707347 28.040 -100.00 -100.00 -100.00
  62    93.836 55271.03034218 43.98  34.197518 -16.707781 25.477 -100.00 -100.00 -100.00
  62    93.777 55271.03034277 45.12  34.198508 -16.705304 31.168 -100.00 -100.00 -100.00
  63    94.441 55280.94597839 46.35  34.197829 -16.713710 26.555 -100.00 -100.00 -100.00
  63    94.387 55280.94597899 50.00  34.198819 -16.711233 29.401 -100.00 -100.00 -100.00
  63    93.821 55280.94597958 47.88  34.199809 -16.708756   -100 -100.00 -100.00 -100.00
  64   144.529 55290.86161465 26.47  34.201302 -16.714982 18.178 -100.00 -100.00 -100.00
  64   142.975 55290.86161524 23.41  34.202293 -16.712505 19.686 -100.00 -100.00 -100.00
  65    93.985 55300.77724843 45.13  34.204688 -16.717172 25.890 -100.00 -100.00 -100.00
  65    93.960 55300.77724902 48.19  34.205679 -16.714695   -100 -100.00 -100.00 -100.00
  66    93.952 55310.69289452 37.88  34.203482 -16.716626 22.135 -100.00 -100.00 -100.00
  66    94.192 55310.69289511 42.95  34.204473 -16.714149 29.646 -100.00 -100.00 -100.00
  67    94.244 55320.60854002 47.06  34.201601 -16.715395 28.134 -100.00 -100.00 -100.00
  67    94.087 55320.60854061 47.35  34.202592 -16.712917   -100 -100.00 -100.00 -100.00
  68    93.955 55330.52418445 46.01  34.199808 -16.715292 28.239 -100.00 -100.00 -100.00
  68    94.026 55330.52418504 46.11  34.200799 -16.712815 28.382 -100.00 -100.00 -100.00
  69    93.968 55340.43982909 47.30  34.199954 -16.714506 30.160 -100.00 -100.00 -100.00
  69    93.913 55340.43982968 50.40  34.200945 -16.712029 30.149 -100.00 -100.00 -100.00
  71    94.378 55360.27111548 47.25  34.202775 -16.715042 31.398 -100.00 -100.00 -100.00
  71    94.433 55360.27111607 47.49  34.203766 -16.712565 25.940 -100.00 -100.00 -100.00
  72    94.308 55370.18675500 47.11  34.202868 -16.715616 31.471 -100.00 -100.00 -100.00
  72    94.278 55370.18675559 47.51  34.203858 -16.713139   -100 -100.00 -100.00 -100.00
  73    94.406 55380.10239289 45.82  34.203025 -16.716035 28.808 -100.00 -100.00 -100.00
  73    94.478 55380.10239348 45.84  34.204015 -16.713558 27.184 -100.00 -100.00 -100.00
  75    93.036 55399.93366601 40.54  34.206839 -16.717609 28.058 -100.00 -100.00 -100.00
  75    92.890 55399.93366660 42.01  34.207830 -16.715132 28.777 -100.00 -100.00 -100.00
  77    92.612 55419.76496267 30.84  34.205012 -16.717760 15.875 -100.00 -100.00 -100.00
  77    92.500 55419.76496326 31.50  34.206002 -16.715283 15.564 -100.00 -100.00 -100.00
  78   140.201 55429.68060974 23.77  34.202349 -16.715941 13.400 -100.00 -100.00 -100.00
  78   139.901 55429.68061033 26.62  34.203339 -16.713464 17.227 -100.00 -100.00 -100.00
  79    92.738 55439.59625439 32.79  34.199431 -16.715080 28.722 -100.00 -100.00 -100.00
  79    93.024 55439.59625498 32.39  34.200422 -16.712603 22.962 -100.00 -100.00 -100.00
  80    92.317 55449.51189813 37.60  34.198504 -16.714003   -100 -100.00 -100.00 -100.00
  80    92.335 55449.51189872 38.39  34.199494 -16.711526   -100 -100.00 -100.00 -100.00
  81    93.098 55459.42754146 42.81  34.199290 -16.714033 23.529 -100.00 -100.00 -100.00
  81    93.279 55459.42754205 45.47  34.200280 -16.711556 21.189 -100.00 -100.00 -100.00
  82    92.816 55469.34318369 31.52  34.200418 -16.715492 19.846 -100.00 -100.00 -100.00
  82    92.462 55469.34318428 33.80  34.201408 -16.713016 28.269 -100.00 -100.00 -100.00
  83   148.000 55479.25882281 20.17  34.201887 -16.716558 11.996 -100.00 -100.00 -100.00
  83   149.121 55479.25882340 19.90  34.202877 -16.714081  7.937 -100.00 -100.00 -100.00
  84   147.071 55489.17445938 11.85  34.203896 -16.715693  5.893 -100.00 -100.00 -100.00
  84   148.750 55489.17445997 19.71  34.204886 -16.713217 10.224 -100.00 -100.00 -100.00
  85    92.542 55499.09009294 38.74  34.205048 -16.717043 25.332 -100.00 -100.00 -100.00
  85    92.450 55499.09009353 38.07  34.206038 -16.714567 31.431 -100.00 -100.00 -100.00
  89    94.166 55538.75267878 40.51  34.201811 -16.716530   -100 -100.00 -100.00 -100.00
  89    93.643 55538.75267937 41.59  34.202801 -16.714053   -100 -100.00 -100.00 -100.00
  91    94.407 55558.58396830 41.67  34.200079 -16.713898 27.544 -100.00 -100.00 -100.00
  91    94.636 55558.58396889 44.63  34.201070 -16.711421 32.035 -100.00 -100.00 -100.00
  93    93.768 55578.41525321 45.62  34.199804 -16.715927 21.852 -100.00 -100.00 -100.00
  93    93.759 55578.41525380 47.51  34.200794 -16.713450 29.077 -100.00 -100.00 -100.00
  94    94.219 55588.33089346 46.28  34.201901 -16.715106 29.385 -100.00 -100.00 -100.00
  94    94.222 55588.33089405 46.52  34.202891 -16.712629 29.256 -100.00 -100.00 -100.00
  96    94.000 55608.16216363 45.27  34.204481 -16.717399 25.551 -100.00 -100.00 -100.00
  96    94.205 55608.16216422 48.49  34.205472 -16.714922 27.620 -100.00 -100.00 -100.00
  97    92.671 55618.07779552 45.35  34.206471 -16.716440 27.677 -100.00 -100.00 -100.00
  97    92.700 55618.07779611 46.50  34.207461 -16.713963 27.543 -100.00 -100.00 -100.00
  98    92.811 55627.99344139 44.31  34.205115 -16.716254 25.890 -100.00 -100.00 -100.00
  98    92.588 55627.99344198 47.33  34.206105 -16.713777   -100 -100.00 -100.00 -100.00
 100    92.687 55647.82474081 43.92  34.203029 -16.716287 28.954 -100.00 -100.00 -100.00
 100    92.703 55647.82474140 44.94  34.204019 -16.713810 31.949 -100.00 -100.00 -100.00
 101    93.816 55657.74038674 46.16  34.201932 -16.715818 27.179 -100.00 -100.00 -100.00
 101    93.946 55657.74038733 48.28  34.202923 -16.713341 27.972 -100.00 -100.00 -100.00
 102    93.638 55667.65602854 45.11  34.200671 -16.716169 25.978 -100.00 -100.00 -100.00
 102    93.596 55667.65602914 47.86  34.201662 -16.713692   -100 -100.00 -100.00 -100.00
 103    92.901 55677.57166822 45.55  34.200889 -16.715513 27.009 -100.00 -100.00 -100.00
 103    92.646 55677.57166881 46.07  34.201880 -16.713036   -100 -100.00 -100.00 -100.00
 107    92.535 55717.23422875 44.18  34.205830 -16.717609 26.534 -100.00 -100.00 -100.00
 107    92.225 55717.23422934 46.11  34.206821 -16.715132   -100 -100.00 -100.00 -100.00
 108   141.450 55727.14987694 21.73  34.203502 -16.716739 13.093 -100.00 -100.00 -100.00
 108   140.174 55727.14987753 25.52  34.204492 -16.714262 22.542 -100.00 -100.00 -100.00
 109    93.736 55737.06552319 45.39  34.201886 -16.716533 28.879 -100.00 -100.00 -100.00
 109    93.823 55737.06552378 48.26  34.202876 -16.714056 29.536 -100.00 -100.00 -100.00
 114    92.571 55786.64372452 43.18  34.204637 -16.717071 23.269 -100.00 -100.00 -100.00
 114    92.652 55786.64372511 43.19  34.205628 -16.714595 20.997 -100.00 -100.00 -100.00
 115    92.437 55796.55935838 42.44  34.206330 -16.717329 24.914 -100.00 -100.00 -100.00
 115    92.636 55796.55935897 43.64  34.207321 -16.714852 26.065 -100.00 -100.00 -100.00
 116    92.344 55806.47500013 43.04  34.206672 -16.717890 28.311 -100.00 -100.00 -100.00
 116    92.285 55806.47500072 43.25  34.207662 -16.715413 28.720 -100.00 -100.00 -100.00
 117    92.510 55816.39064986 43.95  34.206388 -16.716877 27.778 -100.00 -100.00 -100.00
 117    92.222 55816.39065045 44.31  34.207378 -16.714400   -100 -100.00 -100.00 -100.00
 118   150.377 55826.30629624  3.37  34.206138 -16.717033  2.742 -100.00 -100.00 -100.00
 118   148.154 55826.30629683 11.64  34.207128 -16.714556  9.636 -100.00 -100.00 -100.00
 119    92.607 55836.22193783 41.13  34.205312 -16.718187 23.392 -100.00 -100.00 -100.00
 119    92.660 55836.22193842 43.05  34.206302 -16.715710 26.473 -100.00 -100.00 -100.00
 120    92.664 55846.13757636 43.39  34.205234 -16.717444 23.012 -100.00 -100.00 -100.00
 120    92.625 55846.13757695 45.48  34.206224 -16.714967 28.751 -100.00 -100.00 -100.00
 122   143.067 55865.96885395 23.73  34.207117 -16.717765 13.565 -100.00 -100.00 -100.00
 122   143.282 55865.96885454 25.39  34.208107 -16.715289 17.083 -100.00 -100.00 -100.00
 123    92.659 55875.88450626 43.60  34.205120 -16.717870 21.078 -100.00 -100.00 -100.00
 123    92.580 55875.88450685 45.89  34.206110 -16.715394 24.010 -100.00 -100.00 -100.00
 124    93.406 55885.80015326 36.49  34.205391 -16.715997 23.574 -100.00 -100.00 -100.00
 124    93.069 55885.80015385 41.57  34.206381 -16.713520 26.738 -100.00 -100.00 -100.00
 125    93.214 55895.71579422 44.69  34.205511 -16.716389 23.295 -100.00 -100.00 -100.00
 125    93.091 55895.71579481 49.24  34.206501 -16.713913   -100 -100.00 -100.00 -100.00
 126   143.741 55905.63143005 25.28  34.206693 -16.717777 13.269 -100.00 -100.00 -100.00
 126   144.457 55905.63143064 26.34  34.207684 -16.715300 10.831 -100.00 -100.00 -100.00
 128    92.821 55925.46272769 44.40  34.202956 -16.716071 24.276 -100.00 -100.00 -100.00
 128    92.742 55925.46272829 46.43  34.203946 -16.713594 28.597 -100.00 -100.00 -100.00
 130   135.037 55945.29402491 23.90  34.200082 -16.715411 12.960 -100.00 -100.00 -100.00
 130   135.640 55945.29402550 17.99  34.201072 -16.712934 13.373 -100.00 -100.00 -100.00
 131   140.873 55955.20966649 25.17  34.199348 -16.715211 10.535 -100.00 -100.00 -100.00
 131   139.415 55955.20966708 27.49  34.200338 -16.712734   -100 -100.00 -100.00 -100.00
 132    93.855 55965.12530529 47.83  34.199537 -16.714346 23.707 -100.00 -100.00 -100.00
 132    93.810 55965.12530588 46.34  34.200527 -16.711869 28.887 -100.00 -100.00 -100.00
 133   149.762 55975.04094192 22.32  34.199980 -16.716192  8.344 -100.00 -100.00 -100.00
 133   149.206 55975.04094251 21.21  34.200970 -16.713715  7.246 -100.00 -100.00 -100.00
 134    92.864 55984.95657797 44.48  34.203335 -16.716639 23.838 -100.00 -100.00 -100.00
 134    92.773 55984.95657856 46.79  34.204325 -16.714162 26.716 -100.00 -100.00 -100.00
 136    92.475 56004.78786331 36.42  34.205919 -16.717590 24.631 -100.00 -100.00 -100.00
 136    92.298 56004.78786390 37.93  34.206910 -16.715113   -100 -100.00 -100.00 -100.00
 138    93.045 56024.61915670 38.36  34.200379 -16.714585 19.723 -100.00 -100.00 -100.00
 138    92.814 56024.61915729 41.08  34.201370 -16.712108 26.471 -100.00 -100.00 -100.00
 139    93.102 56034.53480011 43.17  34.199601 -16.713874 26.230 -100.00 -100.00 -100.00
 139    93.037 56034.53480070 42.43  34.200591 -16.711397 28.137 -100.00 -100.00 -100.00
 140    92.920 56044.45044111 44.57  34.200938 -16.716008 24.049 -100.00 -100.00 -100.00
 140    92.792 56044.45044170 45.91  34.201929 -16.713530 29.852 -100.00 -100.00 -100.00
 141    92.171 56054.36607984 39.26  34.204177 -16.716026 24.864 -100.00 -100.00 -100.00
 141    92.469 56054.36608043 41.46  34.205168 -16.713549 25.949 -100.00 -100.00 -100.00
 142    92.724 56064.28171462 44.66  34.207217 -16.717167 21.671 -100.00 -100.00 -100.00
 142    92.562 56064.28171521 46.53  34.208207 -16.714689 32.193 -100.00 -100.00 -100.00
 145    92.841 56094.02865385 42.48  34.201822 -16.715273 18.382 -100.00 -100.00 -100.00
 145    92.548 56094.02865444 46.31  34.202812 -16.712796   -100 -100.00 -100.00 -100.00
 148    92.862 56123.77556656 40.28  34.204896 -16.715896 14.770 -100.00 -100.00 -100.00
 148    92.593 56123.77556715 45.59  34.205886 -16.713419 26.230 -100.00 -100.00 -100.00
 149   144.159 56133.69120075 18.86  34.206251 -16.716574 11.345 -100.00 -100.00 -100.00
 149   142.999 56133.69120134 20.76  34.207242 -16.714097 15.264 -100.00 -100.00 -100.00
 150    92.501 56143.60683970 40.88  34.206105 -16.716526 27.992 -100.00 -100.00 -100.00
 150    92.390 56143.60684029 40.06  34.207096 -16.714049 22.846 -100.00 -100.00 -100.00
 151   142.804 56153.52249020 20.51  34.203273 -16.716342 16.384 -100.00 -100.00 -100.00
 151   143.201 56153.52249079 15.47  34.204263 -16.713865 11.536 -100.00 -100.00 -100.00
 152   143.524 56163.43813950 20.27  34.202170 -16.716778 11.934 -100.00 -100.00 -100.00
 152   142.213 56163.43814009 16.05  34.203160 -16.714301 13.988 -100.00 -100.00 -100.00
 155   139.923 56193.18506817 26.03  34.204176 -16.715477 27.463 -100.00 -100.00 -100.00
 155   138.306 56193.18506876 18.72  34.205166 -16.713000 23.072 -100.00 -100.00 -100.00
 157    92.146 56213.01633717 25.49  34.205775 -16.716596 10.317 -100.00 -100.00 -100.00
 157    92.409 56213.01633776 29.83  34.206766 -16.714120 16.076 -100.00 -100.00 -100.00
 160   132.346 56242.76327748  6.29  34.206599 -16.717414  4.221 -100.00 -100.00 -100.00
 160   141.925 56242.76327807  1.26  34.207590 -16.714937  4.319 -100.00 -100.00 -100.00
 161   143.016 56252.67892551 18.91  34.204170 -16.716143 12.320 -100.00 -100.00 -100.00
 161   141.723 56252.67892610 22.36  34.205160 -16.713666 17.909 -100.00 -100.00 -100.00
 162    92.297 56262.59456921 17.83  34.202609 -16.715330 20.804 -100.00 -100.00 -100.00
 162    92.304 56262.59456980 23.83  34.203599 -16.712853 16.153 -100.00 -100.00 -100.00
 163    92.841 56272.51021080 40.64  34.201774 -16.716673 17.463 -100.00 -100.00 -100.00
 163    92.623 56272.51021139 43.69  34.202764 -16.714196 27.220 -100.00 -100.00 -100.00
 166    93.833 56302.25715456 46.07  34.199837 -16.714653 22.054 -100.00 -100.00 -100.00
 166    93.662 56302.25715515 48.29  34.200827 -16.712176   -100 -100.00 -100.00 -100.00
 167    93.963 56312.17279795 45.67  34.198036 -16.714723 24.634 -100.00 -100.00 -100.00
 167    93.779 56312.17279854 47.19  34.199027 -16.712246   -100 -100.00 -100.00 -100.00
 167    93.574 56312.17279913 47.75  34.200017 -16.709769   -100 -100.00 -100.00 -100.00
 168    94.155 56322.08843908 47.07  34.197623 -16.714268 23.540 -100.00 -100.00 -100.00
 168    93.935 56322.08843967 48.14  34.198613 -16.711791   -100 -100.00 -100.00 -100.00
 168    94.063 56322.08844026 46.81  34.199603 -16.709314 27.429 -100.00 -100.00 -100.00
 169    93.591 56332.00407913 44.62  34.198395 -16.715465 22.204 -100.00 -100.00 -100.00
 169    93.437 56332.00407972 46.21  34.199386 -16.712988   -100 -100.00 -100.00 -100.00
 169    93.217 56332.00408031 47.38  34.200376 -16.710511 28.463 -100.00 -100.00 -100.00
 170    94.009 56341.91971889 45.94  34.201005 -16.716254 23.774 -100.00 -100.00 -100.00
 170    93.721 56341.91971948 46.85  34.201995 -16.713777 29.475 -100.00 -100.00 -100.00
 171    92.660 56351.83535670 44.66  34.204981 -16.716064 31.398 -100.00 -100.00 -100.00
 171    92.538 56351.83535729 46.11  34.205971 -16.713587   -100 -100.00 -100.00 -100.00
 174    93.095 56381.58229252 42.31  34.199202 -16.714479 24.228 -100.00 -100.00 -100.00
 174    93.060 56381.58229311 43.94  34.200192 -16.712002   -100 -100.00 -100.00 -100.00
 175    92.709 56391.49793746 45.69  34.198183 -16.713798   -100 -100.00 -100.00 -100.00
 175    92.859 56391.49793805 47.54  34.199173 -16.711320   -100 -100.00 -100.00 -100.00
 175    92.837 56391.49793864 47.62  34.200164 -16.708843   -100 -100.00 -100.00 -100.00
 176    92.624 56401.41358073 44.86  34.200050 -16.714237 28.638 -100.00 -100.00 -100.00
 176    92.703 56401.41358132 45.18  34.201040 -16.711760 30.332 -100.00 -100.00 -100.00
 177    92.471 56411.32922104 44.36  34.202694 -16.715667 27.607 -100.00 -100.00 -100.00
 177    92.331 56411.32922163 46.95  34.203684 -16.713189   -100 -100.00 -100.00 -100.00
 178    92.497 56421.24485611 42.78  34.205428 -16.717942 22.384 -100.00 -100.00 -100.00
 178    92.313 56421.24485670 46.12  34.206419 -16.715465 26.455 -100.00 -100.00 -100.00
 179    92.216 56431.16049501 44.78  34.206401 -16.717220   -100 -100.00 -100.00 -100.00
 179    92.303 56431.16049560 45.61  34.207391 -16.714743   -100 -100.00 -100.00 -100.00
 181    93.038 56450.99179689 44.96  34.199252 -16.715074 19.807 -100.00 -100.00 -100.00
 181    92.324 56450.99179748 47.92  34.200242 -16.712597   -100 -100.00 -100.00 -100.00
 182    92.578 56460.90744448 38.55  34.199362 -16.714349 24.388 -100.00 -100.00 -100.00
 182    92.313 56460.90744507 39.94  34.200352 -16.711872 29.116 -100.00 -100.00 -100.00
 183    92.679 56470.82308882 46.29  34.200100 -16.713883 24.118 -100.00 -100.00 -100.00
 183    92.611 56470.82308941 47.13  34.201090 -16.711406   -100 -100.00 -100.00 -100.00
 184    92.586 56480.73872942 42.10  34.200882 -16.714382 27.126 -100.00 -100.00 -100.00
 184    92.553 56480.73873001 42.31  34.201872 -16.711905 24.962 -100.00 -100.00 -100.00
 185    92.770 56490.65436600 31.28  34.201129 -16.716327 13.521 -100.00 -100.00 -100.00
 185    92.694 56490.65436659 34.68  34.202119 -16.713850 19.000 -100.00 -100.00 -100.00
 187    92.401 56510.48563469 40.84  34.206863 -16.717127 24.036 -100.00 -100.00 -100.00
 187    92.111 56510.48563528 43.79  34.207853 -16.714650 31.740 -100.00 -100.00 -100.00
 192   145.568 56560.06386976 19.24  34.200927 -16.714619  8.551 -100.00 -100.00 -100.00
 192   147.773 56560.06387035 16.40  34.201918 -16.712143  6.200 -100.00 -100.00 -100.00
 193    93.689 56569.97951097 44.91  34.200559 -16.715924 23.375 -100.00 -100.00 -100.00
 193    93.619 56569.97951156 46.69  34.201549 -16.713447 30.916 -100.00 -100.00 -100.00
 194    93.729 56579.89515126 37.29  34.202803 -16.716811 19.881 -100.00 -100.00 -100.00
 194    93.792 56579.89515185 48.11  34.203793 -16.714334  5.779 -100.00 -100.00 -100.00
 198    92.788 56619.55773072 43.91  34.201575 -16.715902 22.618 -100.00 -100.00 -100.00
 198    92.643 56619.55773131 47.02  34.202565 -16.713425 29.390 -100.00 -100.00 -100.00
 199    92.653 56629.47337416 35.67  34.201205 -16.715014 31.981 -100.00 -100.00 -100.00
 199    92.472 56629.47337476 34.41  34.202196 -16.712537   -100 -100.00 -100.00 -100.00
 200    92.670 56639.38901418 45.09  34.202764 -16.715808 23.481 -100.00 -100.00 -100.00
 200    92.735 56639.38901477 46.95  34.203755 -16.713331 28.746 -100.00 -100.00 -100.00
 201    92.811 56649.30466008 40.69  34.203289 -16.715847 26.950 -100.00 -100.00 -100.00
 201    92.565 56649.30466067 43.78  34.204279 -16.713370 31.385 -100.00 -100.00 -100.00
 202    92.917 56659.22031177 45.12  34.200659 -16.714932 23.644 -100.00 -100.00 -100.00
 202    92.944 56659.22031236 46.62  34.201649 -16.712455 32.008 -100.00 -100.00 -100.00
 203    92.993 56669.13595916 45.65  34.198317 -16.714575 28.933 -100.00 -100.00 -100.00
 203    92.959 56669.13595975 46.42  34.199307 -16.712098   -100 -100.00 -100.00 -100.00
 203    92.754 56669.13596034 46.72  34.200298 -16.709622   -100 -100.00 -100.00 -100.00
 204    92.878 56679.05160411 45.61  34.197885 -16.713911 31.521 -100.00 -100.00 -100.00
 204    92.997 56679.05160470 45.04  34.198875 -16.711434 30.319 -100.00 -100.00 -100.00
 204    93.160 56679.05160529 45.41  34.199865 -16.708957 27.378 -100.00 -100.00 -100.00
 205    93.297 56688.96724723 47.04  34.199009 -16.714477 31.962 -100.00 -100.00 -100.00
 205    93.575 56688.96724782 45.25  34.200000 -16.712000 28.885 -100.00 -100.00 -100.00
 206    94.282 56698.88288778 43.99  34.201392 -16.715159 17.369 -100.00 -100.00 -100.00
 206    94.474 56698.88288838 46.79  34.202383 -16.712682 26.115 -100.00 -100.00 -100.00
 207    92.937 56708.79852360 44.28  34.204127 -16.716665 28.095 -100.00 -100.00 -100.00
 207    92.997 56708.79852419 44.96  34.205118 -16.714188 25.544 -100.00 -100.00 -100.00
 208    94.064 56718.71416244 45.01  34.204570 -16.717168 17.247 -100.00 -100.00 -100.00
 208    93.985 56718.71416303 46.20  34.205560 -16.714691 24.809 -100.00 -100.00 -100.00
 209   142.489 56728.62981528 12.47  34.201026 -16.714534  6.508 -100.00 -100.00 -100.00
 209   142.634 56728.62981587 14.14  34.202016 -16.712056  9.268 -100.00 -100.00 -100.00
 210    93.131 56738.54546375 43.84  34.198017 -16.714901 25.551 -100.00 -100.00 -100.00
 210    92.836 56738.54546434 45.57  34.199007 -16.712424   -100 -100.00 -100.00 -100.00
 210    93.279 56738.54546493 46.55  34.199997 -16.709947   -100 -100.00 -100.00 -100.00
 211    93.154 56748.46110903 44.94  34.198116 -16.714135 23.606 -100.00 -100.00 -100.00
 211    92.939 56748.46110962 48.11  34.199106 -16.711657 32.620 -100.00 -100.00 -100.00
 211    92.959 56748.46111021 49.34  34.200096 -16.709180   -100 -100.00 -100.00 -100.00
 212    92.979 56758.37674925 45.10  34.200307 -16.715831 23.533 -100.00 -100.00 -100.00
 212    92.672 56758.37674984 44.96  34.201297 -16.713354 29.912 -100.00 -100.00 -100.00
 213    92.661 56768.29238363 43.35  34.204602 -16.716963 27.169 -100.00 -100.00 -100.00
 213    92.458 56768.29238422 45.93  34.205592 -16.714486 31.323 -100.00 -100.00 -100.00
 214    92.798 56778.20803026 42.57  34.203668 -16.716694 29.064 -100.00 -100.00 -100.00
 214    92.567 56778.20803085 44.97  34.204658 -16.714217 29.509 -100.00 -100.00 -100.00
 215    92.743 56788.12368585 43.93  34.199664 -16.714642 24.276 -100.00 -100.00 -100.00
 215    92.677 56788.12368644 45.95  34.200654 -16.712165 30.616 -100.00 -100.00 -100.00
 216    92.811 56798.03933878 46.46  34.198010 -16.708408   -100 -100.00 -100.00 -100.00
 216    92.863 56798.03933937 47.54  34.199001 -16.705931   -100 -100.00 -100.00 -100.00
 218    92.663 56817.87062430 44.19  34.197394 -16.712079 25.351 -100.00 -100.00 -100.00
 218    92.750 56817.87062489 46.72  34.198384 -16.709602   -100 -100.00 -100.00 -100.00
 218    92.517 56817.87062548 47.69  34.199374 -16.707125   -100 -100.00 -100.00 -100.00
 219    92.757 56827.78626042 45.06  34.198997 -16.715707 27.715 -100.00 -100.00 -100.00
 219    92.700 56827.78626101 44.45  34.199987 -16.713230 31.860 -100.00 -100.00 -100.00
 220   142.279 56837.70189423 13.28  34.202156 -16.716255  7.503 -100.00 -100.00 -100.00
 220   142.564 56837.70189482 11.31  34.203146 -16.713778  7.808 -100.00 -100.00 -100.00
 221    92.655 56847.61752535 32.96  34.205450 -16.717481 16.958 -100.00 -100.00 -100.00
 221    92.337 56847.61752594 36.09  34.206441 -16.715004 26.368 -100.00 -100.00 -100.00
 222    92.571 56857.53317792 40.92  34.203269 -16.715828 19.023 -100.00 -100.00 -100.00
 222    92.335 56857.53317851 42.55  34.204259 -16.713351 29.832 -100.00 -100.00 -100.00
 223    94.388 56867.44883133 25.01  34.201308 -16.716158 15.476 -100.00 -100.00 -100.00
 223    92.988 56867.44883192 28.52  34.202298 -16.713681 22.962 -100.00 -100.00 -100.00
 224    92.719 56877.36448345 29.49  34.200355 -16.715138 20.602 -100.00 -100.00 -100.00
 224    92.970 56877.36448404 32.55  34.201345 -16.712661 24.459 -100.00 -100.00 -100.00
 225    92.878 56887.28013247 45.06  34.199347 -16.713625 23.273 -100.00 -100.00 -100.00
 225    93.156 56887.28013306 49.39  34.200337 -16.711149 26.140 -100.00 -100.00 -100.00
 226   140.057 56897.19577832 25.44  34.197624 -16.713230 23.392 -100.00 -100.00 -100.00
 226   140.419 56897.19577891 17.20  34.198614 -16.710753 12.497 -100.00 -100.00 -100.00
 226   139.430 56897.19577950 27.86  34.199604 -16.708276 32.526 -100.00 -100.00 -100.00
 227   140.666 56907.11142173 22.61  34.197346 -16.710679 27.653 -100.00 -100.00 -100.00
 227   139.152 56907.11142232 13.34  34.198336 -16.708202 25.043 -100.00 -100.00 -100.00
 227   137.645 56907.11142291 15.01  34.199326 -16.705725   -100 -100.00 -100.00 -100.00
 228   138.971 56917.02706251 28.58  34.197998 -16.710323 29.267 -100.00 -100.00 -100.00
 228   139.479 56917.02706310 25.39  34.198988 -16.707846   -100 -100.00 -100.00 -100.00
 229   140.884 56926.94270023 23.78  34.199010 -16.715460 18.678 -100.00 -100.00 -100.00
 229   141.319 56926.94270082 25.68  34.200000 -16.712983 21.523 -100.00 -100.00 -100.00
 230    94.272 56936.85833556 24.80  34.203290 -16.716388 12.937 -100.00 -100.00 -100.00
 230    92.664 56936.85833615 28.97  34.204280 -16.713911 20.205 -100.00 -100.00 -100.00
 232    92.664 56956.68962000 35.10  34.205183 -16.716200 21.899 -100.00 -100.00 -100.00
 232    92.545 56956.68962059 36.15  34.206173 -16.713724 23.642 -100.00 -100.00 -100.00
 234    93.220 56976.52091397 38.07  34.200654 -16.715411 17.178 -100.00 -100.00 -100.00
 234    93.447 56976.52091456 40.67  34.201644 -16.712934 20.952 -100.00 -100.00 -100.00
 235    93.012 56986.43655484 34.42  34.201993 -16.715237 22.668 -100.00 -100.00 -100.00
 235    93.007 56986.43655543 34.18  34.202983 -16.712760 20.063 -100.00 -100.00 -100.00
 236   142.025 56996.35218970 23.43  34.205086 -16.717201 11.571 -100.00 -100.00 -100.00
 236   141.152 56996.35219029 26.52  34.206077 -16.714724 26.398 -100.00 -100.00 -100.00
 239    93.374 57026.09914029 47.27  34.199325 -16.713624 29.542 -100.00 -100.00 -100.00
 239    93.338 57026.09914089 49.53  34.200316 -16.711147   -100 -100.00 -100.00 -100.00
 240    93.858 57036.01478833 46.53  34.198157 -16.714702 22.312 -100.00 -100.00 -100.00
 240    94.038 57036.01478892 46.51  34.199148 -16.712225 26.873 -100.00 -100.00 -100.00
 240    93.642 57036.01478951 47.90  34.200138 -16.709748   -100 -100.00 -100.00 -100.00
 241    94.292 57045.93043422 46.49  34.199752 -16.714214 19.363 -100.00 -100.00 -100.00
 241    93.834 57045.93043481 47.35  34.200742 -16.711737   -100 -100.00 -100.00 -100.00
 242    94.312 57055.84607662 24.09  34.201740 -16.714779 11.380 -100.00 -100.00 -100.00
 242    93.678 57055.84607721 30.00  34.202730 -16.712301 27.285 -100.00 -100.00 -100.00
 243    93.089 57065.76171379 45.79  34.203156 -16.715762 32.129 -100.00 -100.00 -100.00
 243    92.995 57065.76171438 46.52  34.204146 -16.713285   -100 -100.00 -100.00 -100.00
 244    93.035 57075.67734680 44.43  34.204631 -16.716077 23.188 -100.00 -100.00 -100.00
 244    92.603 57075.67734739 46.27  34.205622 -16.713600 31.533 -100.00 -100.00 -100.00
 245    93.109 57085.59297688 42.31  34.207400 -16.717260 32.207 -100.00 -100.00 -100.00
 245    92.974 57085.59297747 43.64  34.208390 -16.714783 31.397 -100.00 -100.00 -100.00
 247    92.337 57105.42428988 43.09  34.201248 -16.716382 28.090 -100.00 -100.00 -100.00
 247    92.450 57105.42429047 44.71  34.202239 -16.713904   -100 -100.00 -100.00 -100.00
 248    93.176 57115.33994196 43.46  34.200584 -16.716164 20.169 -100.00 -100.00 -100.00
 248    92.824 57115.33994255 44.06  34.201574 -16.713686 28.834 -100.00 -100.00 -100.00
 249    93.028 57125.25558795 45.29  34.200778 -16.714809 23.313 -100.00 -100.00 -100.00
 249    92.836 57125.25558854 45.46  34.201768 -16.712332 29.502 -100.00 -100.00 -100.00
 250    92.948 57135.17122787 45.22  34.200202 -16.715429 24.439 -100.00 -100.00 -100.00
 250    92.664 57135.17122846 46.60  34.201192 -16.712952   -100 -100.00 -100.00 -100.00
 251   139.359 57145.08686347 26.27  34.201636 -16.715762 28.923 -100.00 -100.00 -100.00
 251   140.193 57145.08686406 15.40  34.202627 -16.713285 17.830 -100.00 -100.00 -100.00
 252    92.627 57155.00249635 44.05  34.204588 -16.717080 24.745 -100.00 -100.00 -100.00
 252    92.423 57155.00249694 45.47  34.205579 -16.714603 23.498 -100.00 -100.00 -100.00
 255    92.954 57184.74944322 43.39  34.201708 -16.716583 19.082 -100.00 -100.00 -100.00
 255    92.664 57184.74944381 45.24  34.202699 -16.714106 28.236 -100.00 -100.00 -100.00
 256    92.755 57194.66509230 43.11  34.200296 -16.714378 23.165 -100.00 -100.00 -100.00
 256    92.487 57194.66509289 46.24  34.201286 -16.711900 32.393 -100.00 -100.00 -100.00
 257    92.483 57204.58072753 23.51  34.198827 -16.714064 18.957 -100.00 -100.00 -100.00
 257    92.728 57204.58072812 25.13  34.199818 -16.711587 18.447 -100.00 -100.00 -100.00
 258   148.738 57214.49637305 14.82  34.198963 -16.714264 10.439 -100.00 -100.00 -100.00
 258   145.340 57214.49637364 13.06  34.199953 -16.711787 11.809 -100.00 -100.00 -100.00
 259    92.972 57224.41201715 42.24  34.200871 -16.715105 21.319 -100.00 -100.00 -100.00
 259    92.520 57224.41201774 44.72  34.201861 -16.712628   -100 -100.00 -100.00 -100.00
 260   140.018 57234.32765946 20.41  34.203121 -16.715518 18.185 -100.00 -100.00 -100.00
 260   140.374 57234.32766005 15.38  34.204111 -16.713042 14.766 -100.00 -100.00 -100.00
 263    92.277 57264.07456883 39.99  34.205500 -16.717914 25.584 -100.00 -100.00 -100.00
 263    92.650 57264.07456942 40.58  34.206491 -16.715437 23.496 -100.00 -100.00 -100.00
 264   142.122 57273.99020802 23.17  34.207879 -16.717600 10.402 -100.00 -100.00 -100.00
 264   142.267 57273.99020861 25.82  34.208869 -16.715123 19.057 -100.00 -100.00 -100.00
 265    92.591 57283.90586480 42.16  34.206215 -16.717569 22.228 -100.00 -100.00 -100.00
 265    92.769 57283.90586539 46.50  34.207205 -16.715092 24.688 -100.00 -100.00 -100.00
 266   140.960 57293.82151890 22.54  34.204582 -16.717609 15.173 -100.00 -100.00 -100.00
 266   141.235 57293.82151949 24.70  34.205572 -16.715133 14.395 -100.00 -100.00 -100.00
 267    92.918 57303.73716989 42.43  34.202656 -16.716192 17.210 -100.00 -100.00 -100.00
 267    92.757 57303.73717048 45.19  34.203646 -16.713715 28.799 -100.00 -100.00 -100.00
 268    92.763 57313.65281742 22.35  34.200393 -16.714216 19.963 -100.00 -100.00 -100.00
 268    92.420 57313.65281801 24.05  34.201383 -16.711739 20.429 -100.00 -100.00 -100.00
 269   143.790 57323.56846170 17.89  34.198137 -16.713659 10.145 -100.00 -100.00 -100.00
 269   139.896 57323.56846229  9.32  34.199127 -16.711182 10.916 -100.00 -100.00 -100.00
 269   138.583 57323.56846288  2.99  34.200117 -16.708705  7.142 -100.00 -100.00 -100.00
 270    92.997 57333.48410408 40.20  34.197805 -16.714739 20.369 -100.00 -100.00 -100.00
 270    92.813 57333.48410467 41.56  34.198795 -16.712262 24.583 -100.00 -100.00 -100.00
 270    92.802 57333.48410526 42.24  34.199785 -16.709785 26.556 -100.00 -100.00 -100.00
 271    92.863 57343.39974521 40.15  34.200598 -16.713952 22.982 -100.00 -100.00 -100.00
 271    92.543 57343.39974580 43.55  34.201588 -16.711475   -100 -100.00 -100.00 -100.00
 272   149.277 57353.31539867 17.99  34.198422 -16.714060  6.606 -100.00 -100.00 -100.00
 272   144.790 57353.31539926 24.37  34.199412 -16.711583 10.904 -100.00 -100.00 -100.00
 272   141.233 57353.31539985 28.32  34.200402 -16.709106 19.481 -100.00 -100.00 -100.00
 273   141.971 57363.23104301 20.95  34.198026 -16.715400 10.250 -100.00 -100.00 -100.00
 273   140.265 57363.23104360 24.09  34.199017 -16.712924 14.928 -100.00 -100.00 -100.00
 273   140.166 57363.23104419 25.07  34.200007 -16.710447   -100 -100.00 -100.00 -100.00
 274    93.441 57373.14668423 44.41  34.198458 -16.714946 19.171 -100.00 -100.00 -100.00
 274    92.982 57373.14668482 46.62  34.199449 -16.712470 27.313 -100.00 -100.00 -100.00
 274    93.247 57373.14668541 47.08  34.200439 -16.709993 26.552 -100.00 -100.00 -100.00
 275   141.402 57383.06232310 22.87  34.199196 -16.715856 11.495 -100.00 -100.00 -100.00
 275   139.956 57383.06232369 27.05  34.200187 -16.713379 14.857 -100.00 -100.00 -100.00
 276    92.774 57392.97796188 44.56  34.202338 -16.715060 22.640 -100.00 -100.00 -100.00
 276    92.328 57392.97796247 44.93  34.203328 -16.712583   -100 -100.00 -100.00 -100.00
 279    93.071 57422.72489501 42.21  34.205010 -16.715770 22.834 -100.00 -100.00 -100.00
 279    92.767 57422.72489560 39.79  34.206001 -16.713293 20.926 -100.00 -100.00 -100.00
 281    92.950 57442.55619128 43.35  34.198552 -16.714619 22.504 -100.00 -100.00 -100.00
 281    92.916 57442.55619187 44.87  34.199542 -16.712142 32.165 -100.00 -100.00 -100.00
 282    93.566 57452.47183796 44.46  34.198387 -16.715324 20.015 -100.00 -100.00 -100.00
 282    93.004 57452.47183855 48.13  34.199378 -16.712846   -100 -100.00 -100.00 -100.00
 282    93.271 57452.47183914 47.40  34.200368 -16.710369 30.759 -100.00 -100.00 -100.00
 283    92.937 57462.38748346 41.18  34.200501 -16.714420 17.178 -100.00 -100.00 -100.00
 283    92.755 57462.38748405 47.45  34.201491 -16.711943   -100 -100.00 -100.00 -100.00
 284    93.135 57472.30312479 44.50  34.202904 -16.716100 20.387 -100.00 -100.00 -100.00
 284    92.808 57472.30312538 46.47  34.203895 -16.713622 30.840 -100.00 -100.00 -100.00
 285    92.848 57482.21876219 34.96  34.204659 -16.716695 25.241 -100.00 -100.00 -100.00
 285    92.545 57482.21876278 35.13  34.205649 -16.714218 27.382 -100.00 -100.00 -100.00
 287    92.557 57502.05002812 44.62  34.207684 -16.716844 23.035 -100.00 -100.00 -100.00
 287    92.325 57502.05002871 47.55  34.208674 -16.714367   -100 -100.00 -100.00 -100.00
 288    92.756 57511.96567710 43.49  34.205840 -16.716998 19.721 -100.00 -100.00 -100.00
 288    92.684 57511.96567769 46.35  34.206830 -16.714520 29.170 -100.00 -100.00 -100.00
 289   148.917 57521.88133183 24.95  34.204051 -16.715499 17.245 -100.00 -100.00 -100.00
 289   146.538 57521.88133242 22.17  34.205041 -16.713021  8.217 -100.00 -100.00 -100.00
 291    92.754 57541.71263263 34.56  34.200764 -16.716459  9.796 -100.00 -100.00 -100.00
 291    92.744 57541.71263322 38.32  34.201754 -16.713982 14.520 -100.00 -100.00 -100.00
 292    92.239 57551.62827951 31.34  34.200275 -16.713966 23.672 -100.00 -100.00 -100.00
 292    92.230 57551.62828010 29.93  34.201266 -16.711489 22.911 -100.00 -100.00 -100.00
 293    91.968 57561.54392459 18.42  34.199304 -16.714262 16.129 -100.00 -100.00 -100.00
 293    91.879 57561.54392518 26.38  34.200294 -16.711785 25.575 -100.00 -100.00 -100.00
 294    92.699 57571.45956929 39.25  34.199120 -16.715485 13.552 -100.00 -100.00 -100.00
 294    92.667 57571.45956988 44.36  34.200110 -16.713008 24.379 -100.00 -100.00 -100.00
 295    92.085 57581.37521415 20.04  34.200274 -16.715980 11.587 -100.00 -100.00 -100.00
 295    92.153 57581.37521474 21.63  34.201264 -16.713503 12.502 -100.00 -100.00 -100.00
 297   142.352 57601.20649746  6.75  34.202608 -16.716517  5.993 -100.00 -100.00 -100.00
 297   145.272 57601.20649805 12.15  34.203598 -16.714040 10.252 -100.00 -100.00 -100.00
