#   95.238  -4.154  16.357 ;Mean Elev.(m), Avg Gradient(m/km), RMS Gradient(m/km) - SRTM1     
#  103.268  -3.926  16.456 ;Mean Elev.(m), Avg Gradient(m/km), RMS Gradient(m/km) - ASTER GDEM
#   95.309  -4.138  16.742 ;Mean Elev.(m), Avg Gradient(m/km), RMS Gradient(m/km) - GMTED2010 
   1  34.204651 -16.716159    92.842    92.842  2 54666.17609059 45.262
   2  34.204524 -16.714357    92.968    92.968  2 54676.09173515 46.617
   3  34.204697 -16.715498    -8.288    -8.288  2 54686.00737761  1.102
  11  34.198887 -16.710723    92.389    92.349  4 54765.33254967 30.906
  16  34.205558 -16.716375    93.899    93.899  2 54814.91074593 45.897
  17  34.205587 -16.716432    93.804    93.804  2 54824.82639164 45.591
  19  34.199089 -16.714287    93.777    93.777  2 54844.65768135 46.867
  20  34.198124 -16.710844    94.053    94.098  3 54854.57333142 47.053
  21  34.198679 -16.707579    93.583    93.583  2 54864.48898153 44.642
  22  34.198458 -16.707531    93.287    93.287  2 54874.40463061 35.108
  23  34.198339 -16.708174    93.464    93.464  2 54884.32027685 45.205
  24  34.197960 -16.707131    93.633    93.653  3 54894.23591977 46.134
  26  34.197702 -16.704615    94.687    94.687  2 54914.06719833 47.730
  27  34.197789 -16.708426    93.610    93.610  2 54923.98283506 47.355
  28  34.199512 -16.712722    93.317    93.317  2 54933.89847105 44.486
  29  34.202956 -16.715399    93.040    93.040  2 54943.81410562 40.625
  34  34.202473 -16.715196   142.675   142.675  2 54993.39232667  6.166
  35  34.202441 -16.714819    93.247    93.247  2 55003.30797325 46.100
  37  34.200107 -16.714119    93.231    93.231  2 55023.13926024 45.874
  38  34.200238 -16.713571    93.332    93.332  2 55033.05490217 43.538
  39  34.201762 -16.714281   140.771   140.771  2 55042.97054322 25.404
  42  34.205824 -16.715507    93.126    93.126  2 55072.71746437 44.452
  44  34.199274 -16.712491   147.093   147.093  2 55092.54875993 23.308
  45  34.198968 -16.710164   143.700   143.092  3 55102.46440740 24.464
  46  34.199005 -16.710682   140.938   140.720  4 55112.38005402 22.368
  47  34.199210 -16.712872    93.175    93.146  3 55122.29569799 34.868
  48  34.200179 -16.712169    92.827    92.827  2 55132.21133962 30.294
  49  34.199171 -16.714178    92.528    92.528  2 55142.12697828 35.208
  50  34.199569 -16.713732    92.487    92.487  2 55152.04261668 26.648
  52  34.204899 -16.715235    92.451    92.451  2 55171.87389333 42.003
  54  34.204960 -16.716144    92.842    92.842  2 55191.70517980 41.270
  55  34.201416 -16.713676    92.534    92.534  2 55201.62083046 28.847
  56  34.199127 -16.711856    92.850    92.881  3 55211.53648070 50.433
  57  34.198750 -16.711094    93.206    93.117  3 55221.45213045 47.485
  58  34.198424 -16.711181    93.302    93.360  3 55231.36777887 49.299
  59  34.198474 -16.711446    93.121    93.101  3 55241.28342392 48.680
  60  34.198293 -16.708586    94.448    94.448  2 55251.19906582 47.339
  62  34.198013 -16.706542    93.806    93.806  2 55271.03034248 44.587
  63  34.198819 -16.711233    94.216    94.387  3 55280.94597899 48.336
  64  34.201797 -16.713743   143.752   143.752  2 55290.86161494 25.204
  65  34.205183 -16.715933    93.973    93.973  2 55300.77724872 46.924
  66  34.203978 -16.715387    94.072    94.072  2 55310.69289482 41.116
  67  34.202096 -16.714156    94.165    94.165  2 55320.60854032 47.207
  68  34.200303 -16.714053    93.991    93.991  2 55330.52418474 46.060
  69  34.200449 -16.713268    93.940    93.940  2 55340.43982938 49.121
  71  34.203271 -16.713803    94.406    94.406  2 55360.27111578 47.372
  72  34.203363 -16.714377    94.293    94.293  2 55370.18675529 47.315
  73  34.203520 -16.714796    94.442    94.442  2 55380.10239318 45.830
  75  34.207335 -16.716371    92.963    92.963  2 55399.93366630 41.337
  77  34.205507 -16.716521    92.556    92.556  2 55419.76496296 31.183
  78  34.202844 -16.714703   140.051   140.051  2 55429.68061004 25.425
  79  34.199926 -16.713842    92.881    92.881  2 55439.59625468 32.595
  80  34.198999 -16.712764    92.326    92.326  2 55449.51189842 38.013
  81  34.199785 -16.712795    93.188    93.188  2 55459.42754176 44.341
  82  34.200913 -16.714254    92.639    92.639  2 55469.34318399 32.808
  83  34.202382 -16.715319   148.560   148.560  2 55479.25882310 20.037
  84  34.204391 -16.714455   147.911   147.911  2 55489.17445967 17.358
  85  34.205543 -16.715805    92.496    92.496  2 55499.09009323 38.418
  89  34.202306 -16.715291    93.905    93.905  2 55538.75267907 41.083
  91  34.200575 -16.712660    94.522    94.522  2 55558.58396860 43.397
  93  34.200299 -16.714689    93.763    93.763  2 55578.41525350 46.667
  94  34.202396 -16.713867    94.220    94.220  2 55588.33089376 46.402
  96  34.204977 -16.716161    94.102    94.102  2 55608.16216392 47.172
  97  34.206966 -16.715201    92.686    92.686  2 55618.07779581 45.963
  98  34.205610 -16.715015    92.699    92.699  2 55627.99344168 46.077
 100  34.203524 -16.715048    92.695    92.695  2 55647.82474111 44.460
 101  34.202427 -16.714579    93.881    93.881  2 55657.74038703 47.348
 102  34.201166 -16.714931    93.617    93.617  2 55667.65602884 46.699
 103  34.201384 -16.714274    92.774    92.774  2 55677.57166851 45.818
 107  34.206325 -16.716371    92.380    92.380  2 55717.23422904 45.251
 108  34.203997 -16.715500   140.812   140.812  2 55727.14987723 24.026
 109  34.202381 -16.715294    93.780    93.780  2 55737.06552348 47.058
 114  34.205132 -16.715833    92.612    92.612  2 55786.64372482 43.185
 115  34.206826 -16.716090    92.536    92.536  2 55796.55935867 43.081
 116  34.207167 -16.716651    92.314    92.314  2 55806.47500043 43.146
 117  34.206883 -16.715638    92.366    92.366  2 55816.39065015 44.134
 118  34.206633 -16.715795   149.266   149.266  2 55826.30629653  9.233
 119  34.205807 -16.716949    92.634    92.634  2 55836.22193812 42.195
 120  34.205729 -16.716206    92.644    92.644  2 55846.13757666 44.560
 122  34.207612 -16.716527   143.174   143.174  2 55865.96885425 24.639
 123  34.205615 -16.716632    92.619    92.619  2 55875.88450656 44.894
 124  34.205886 -16.714758    93.238    93.238  2 55885.80015356 39.734
 125  34.206006 -16.715151    93.152    93.152  2 55895.71579451 47.535
 126  34.207189 -16.716538   144.099   144.099  2 55905.63143034 25.842
 128  34.203451 -16.714832    92.781    92.781  2 55925.46272799 45.533
 130  34.200577 -16.714173   135.339   135.339  2 55945.29402520 21.881
 131  34.199843 -16.713972   140.144   140.144  2 55955.20966679 26.483
 132  34.200032 -16.713107    93.832    93.832  2 55965.12530559 47.149
 133  34.200475 -16.714954   149.484   149.484  2 55975.04094222 21.800
 134  34.203830 -16.715401    92.819    92.819  2 55984.95657826 45.787
 136  34.206415 -16.716351    92.387    92.387  2 56004.78786361 37.240
 138  34.200874 -16.713347    92.930    92.930  2 56024.61915700 39.930
 139  34.200096 -16.712635    93.070    93.070  2 56034.53480040 42.816
 140  34.201434 -16.714769    92.856    92.856  2 56044.45044140 45.291
 141  34.204673 -16.714787    92.320    92.320  2 56054.36608013 40.498
 142  34.207712 -16.715928    92.643    92.643  2 56064.28171492 45.695
 145  34.202317 -16.714035    92.694    92.694  2 56094.02865415 44.804
 148  34.205391 -16.714658    92.728    92.728  2 56123.77556685 43.701
 149  34.206747 -16.715335   143.579   143.579  2 56133.69120104 19.913
 150  34.206601 -16.715287    92.446    92.446  2 56143.60684000 40.489
 151  34.203768 -16.715103   143.003   143.003  2 56153.52249049 18.683
 152  34.202665 -16.715539   142.869   142.869  2 56163.43813980 18.654
 155  34.204671 -16.714239   139.115   139.115  2 56193.18506846 23.760
 157  34.206271 -16.715358    92.277    92.277  2 56213.01633746 28.181
 160  34.207094 -16.716175   137.135   137.135  2 56242.76327778  4.466
 161  34.204665 -16.714904   142.370   142.370  2 56252.67892580 20.969
 162  34.203104 -16.714091    92.301    92.301  2 56262.59456951 21.793
 163  34.202269 -16.715435    92.732    92.732  2 56272.51021110 42.427
 166  34.200332 -16.713414    93.747    93.747  2 56302.25715486 47.320
 167  34.199027 -16.712246    93.772    93.779  3 56312.17279854 46.956
 168  34.198613 -16.711791    94.051    94.063  3 56322.08843967 47.379
 169  34.199386 -16.712988    93.415    93.437  3 56332.00407972 46.214
 170  34.201500 -16.715015    93.865    93.865  2 56341.91971918 46.419
 171  34.205476 -16.714825    92.599    92.599  2 56351.83535700 45.445
 174  34.199697 -16.713240    93.077    93.077  2 56381.58229282 43.201
 175  34.199173 -16.711320    92.802    92.837  3 56391.49793805 47.037
 176  34.200545 -16.712998    92.663    92.663  2 56401.41358102 45.023
 177  34.203189 -16.714428    92.401    92.401  2 56411.32922134 45.845
 178  34.205923 -16.716704    92.405    92.405  2 56421.24485640 44.763
 179  34.206896 -16.715981    92.259    92.259  2 56431.16049531 45.215
 181  34.199747 -16.713835    92.681    92.681  2 56450.99179719 46.687
 182  34.199857 -16.713110    92.445    92.445  2 56460.90744478 39.300
 183  34.200595 -16.712644    92.645    92.645  2 56470.82308912 46.730
 184  34.201377 -16.713144    92.570    92.570  2 56480.73872971 42.206
 185  34.201624 -16.715089    92.732    92.732  2 56490.65436630 33.305
 187  34.207358 -16.715888    92.256    92.256  2 56510.48563499 42.561
 192  34.201422 -16.713381   146.671   146.671  2 56560.06387006 18.048
 193  34.201054 -16.714685    93.654    93.654  2 56569.97951127 45.891
 194  34.203298 -16.715573    93.761    93.761  2 56579.89515156 45.445
 198  34.202070 -16.714664    92.715    92.715  2 56619.55773102 45.738
 199  34.201701 -16.713775    92.562    92.562  2 56629.47337446 35.086
 200  34.203260 -16.714569    92.703    92.703  2 56639.38901448 46.119
 201  34.203784 -16.714608    92.688    92.688  2 56649.30466037 42.504
 202  34.201154 -16.713693    92.930    92.930  2 56659.22031207 45.934
 203  34.199307 -16.712098    92.902    92.959  3 56669.13595975 46.286
 204  34.198875 -16.711434    93.012    92.997  3 56679.05160470 45.360
 205  34.199504 -16.713238    93.436    93.436  2 56688.96724752 46.237
 206  34.201887 -16.713921    94.378    94.378  2 56698.88288808 45.612
 207  34.204622 -16.715426    92.967    92.967  2 56708.79852389 44.633
 208  34.205065 -16.715930    94.025    94.025  2 56718.71416273 45.646
 209  34.201521 -16.713295   142.561   142.561  2 56728.62981557 13.385
 210  34.199007 -16.712424    93.082    93.131  3 56738.54546434 45.459
 211  34.199106 -16.711657    93.017    92.959  3 56748.46110962 47.825
 212  34.200802 -16.714592    92.826    92.826  2 56758.37674955 45.031
 213  34.205097 -16.715725    92.560    92.560  2 56768.29238392 44.829
 214  34.204163 -16.715455    92.682    92.682  2 56778.20803056 43.934
 215  34.200159 -16.713403    92.710    92.710  2 56788.12368614 45.056
 216  34.198505 -16.707169    92.837    92.837  2 56798.03933908 47.033
 218  34.198384 -16.709602    92.643    92.663  3 56817.87062489 46.434
 219  34.199492 -16.714468    92.728    92.728  2 56827.78626072 44.766
 220  34.202651 -16.715016   142.421   142.421  2 56837.70189453 12.406
 221  34.205945 -16.716242    92.496    92.496  2 56847.61752565 34.801
 222  34.203764 -16.714589    92.453    92.453  2 56857.53317822 41.811
 223  34.201803 -16.714920    93.688    93.688  2 56867.44883162 27.110
 224  34.200850 -16.713900    92.844    92.844  2 56877.36448374 31.284
 225  34.199842 -16.712387    93.017    93.017  2 56887.28013277 47.744
 226  34.198614 -16.710753   139.969   140.057  3 56897.19577891 25.286
 227  34.198336 -16.708202   139.154   139.152  3 56907.11142232 18.952
 228  34.198493 -16.709084   139.225   139.225  2 56917.02706281 27.272
 229  34.199505 -16.714222   141.102   141.102  2 56926.94270052 24.833
 230  34.203785 -16.715149    93.468    93.468  2 56936.85833586 27.367
 232  34.205678 -16.714962    92.605    92.605  2 56956.68962029 35.657
 234  34.201149 -16.714173    93.334    93.334  2 56976.52091426 39.562
 235  34.202488 -16.713998    93.009    93.009  2 56986.43655514 34.302
 236  34.205582 -16.715962   141.589   141.589  2 56996.35218999 25.244
 239  34.199821 -16.712385    93.356    93.356  2 57026.09914059 48.545
 240  34.199148 -16.712225    93.846    93.858  3 57036.01478892 47.030
 241  34.200247 -16.712975    94.063    94.063  2 57045.93043452 46.941
 242  34.202235 -16.713540    93.995    93.995  2 57055.84607692 27.981
 243  34.203651 -16.714523    93.042    93.042  2 57065.76171408 46.170
 244  34.205126 -16.714838    92.819    92.819  2 57075.67734709 45.447
 245  34.207895 -16.716022    93.042    93.042  2 57085.59297717 43.026
 247  34.201743 -16.715143    92.394    92.394  2 57105.42429018 43.975
 248  34.201079 -16.714925    93.000    93.000  2 57115.33994226 43.770
 249  34.201273 -16.713570    92.932    92.932  2 57125.25558825 45.376
 250  34.200697 -16.714191    92.806    92.806  2 57135.17122816 45.965
 251  34.202132 -16.714523   139.776   139.776  2 57145.08686376 23.601
 252  34.205084 -16.715841    92.525    92.525  2 57155.00249665 44.818
 255  34.202203 -16.715345    92.809    92.809  2 57184.74944351 44.413
 256  34.200791 -16.713139    92.621    92.621  2 57194.66509259 44.951
 257  34.199323 -16.712826    92.606    92.606  2 57204.58072782 24.395
 258  34.199458 -16.713026   147.039   147.039  2 57214.49637335 14.029
 259  34.201366 -16.713866    92.746    92.746  2 57224.41201744 43.655
 260  34.203616 -16.714280   140.196   140.196  2 57234.32765976 18.586
 263  34.205996 -16.716676    92.464    92.464  2 57264.07456913 40.295
 264  34.208374 -16.716361   142.194   142.194  2 57273.99020832 24.694
 265  34.206710 -16.716330    92.680    92.680  2 57283.90586509 44.851
 266  34.205077 -16.716371   141.097   141.097  2 57293.82151920 23.753
 267  34.203151 -16.714954    92.837    92.837  2 57303.73717018 44.026
 268  34.200888 -16.712978    92.591    92.591  2 57313.65281771 23.283
 269  34.199127 -16.711182   140.756   139.896  3 57323.56846229 13.806
 270  34.198795 -16.712262    92.870    92.813  3 57333.48410467 41.414
 271  34.201093 -16.712713    92.703    92.703  2 57343.39974551 42.175
 272  34.199412 -16.711583   145.100   144.790  3 57353.31539926 25.296
 273  34.199017 -16.712924   140.801   140.265  3 57363.23104360 23.694
 274  34.199449 -16.712470    93.223    93.247  3 57373.14668482 46.183
 275  34.199692 -16.714617   140.679   140.679  2 57383.06232340 25.445
 276  34.202833 -16.713821    92.551    92.551  2 57392.97796217 44.749
 279  34.205506 -16.714531    92.919    92.919  2 57422.72489531 41.166
 281  34.199047 -16.713380    92.933    92.933  2 57442.55619157 44.176
 282  34.199378 -16.712846    93.280    93.271  3 57452.47183855 46.928
 283  34.200996 -16.713181    92.846    92.846  2 57462.38748376 45.360
 284  34.203399 -16.714861    92.971    92.971  2 57472.30312509 45.596
 285  34.205154 -16.715456    92.697    92.697  2 57482.21876249 35.046
 287  34.208179 -16.715605    92.441    92.441  2 57502.05002842 46.328
 288  34.206335 -16.715759    92.720    92.720  2 57511.96567739 45.151
 289  34.204546 -16.714260   147.728   147.728  2 57521.88133212 23.779
 291  34.201259 -16.715221    92.749    92.749  2 57541.71263292 36.835
 292  34.200770 -16.712727    92.235    92.235  2 57551.62827980 30.692
 293  34.199799 -16.713023    91.923    91.923  2 57561.54392488 24.014
 294  34.199615 -16.714246    92.683    92.683  2 57571.45956959 42.517
 295  34.200769 -16.714741    92.119    92.119  2 57581.37521445 20.907
 297  34.203103 -16.715279   143.812   143.812  2 57601.20649775 10.240
